Pulse 1 
0, 6897, 7241, 7258, 7487, 7438, 7553, 7405, 7405, 7356, 7307, 7176, 7438, 7389, 7176, 7372, 7323, 7487, 7405, 7716, 7307, 7421, 7274, 7421, 7127, 7340, 7421, 7438, 7258, 7340, 7225, 7421, 7307, 7454, 7077, 7438, 7372, 7438, 7208, 7536, 7258, 7421, 7241, 7471, 7487, 7487, 7585, 7454, 7438, 7159, 7454, 7389, 7487, 7487, 7405, 7323, 7471, 7176, 7520, 7405, 7290, 7241, 6766, 6455, 5963, 5668, 5177, 4833, 4620, 3866, 3948, 3358, 3260, 2768, 2539, 1933, 1720, 1114, 1015, 573, 131, 212, 114, 49, 16, 131, 65, -33, 131, 81, 98, 32, 147, 114, -263, -50, 32, -66, 81, 65, 32, 196, 131, -164, 131, 114, 65, 65, -99, -82, -33, 131, -82, -50, -230, 32, -181, 311, -82, 147, -82, 163, -213, 98, 114, 32, 98, 49, -164, -66, 131, 114, -50, -66, 65, -17, 32, -50, 81, 32, -50, 81, -115, -33, 114, 0, -132, 114, 114, 81, -213, -148, 32, -17, 98, -99, -99, -50, -82, 131, -33, -148, -99, 16, -33, 278, -50, 49, -50, -115, -33, -50, 65, 65, 32, 98, 131, 98, -115, 65, -230, 229, 0, -213, -66, 147, -99, -115, 32, -66, -50, -17, 0, -148, -50, -82, 0, -99, -164, -99, -164, 
0, 753, 622, 622, 851, 802, 917, 770, 770, 720, 671, 540, 802, 753, 540, 737, 688, 851, 770, 1081, 671, 786, 638, 786, 491, 704, 786, 802, 622, 704, 589, 786, 671, 819, 442, 802, 737, 802, 573, 901, 622, 786, 606, 835, 851, 851, 950, 819, 802, 524, 819, 753, 851, 851, 770, 688, 835, 540, 884, 770, 655, 802, 655, 671, 524, 557, 393, 393, 507, 81, 491, 229, 475, 311, 409, 147, 262, -17, 212, 114, 0, 212, 114, 49, 16, 131, 65, -33, 131, 81, 98, 32, 147, 114, -263, -50, 32, -66, 81, 65, 32, 196, 131, -164, 131, 114, 65, 65, -99, -82, -33, 131, -82, -50, -230, 32, -181, 311, -82, 147, -82, 163, -213, 98, 114, 32, 98, 49, -164, -66, 131, 114, -50, -66, 65, -17, 32, -50, 81, 32, -50, 81, -115, -33, 114, 0, -132, 114, 114, 81, -213, -148, 32, -17, 98, -99, -99, -50, -82, 131, -33, -148, -99, 16, -33, 278, -50, 49, -50, -115, -33, -50, 65, 65, 32, 98, 131, 98, -115, 65, -230, 229, 0, -213, -66, 147, -99, -115, 32, -66, -50, -17, 0, -148, -50, -82, 0, -99, -164, -99, -164, 

Pulse 2 
0, 1277, 3145, 5210, 7389, 7438, 7553, 7405, 7405, 7356, 7307, 7176, 7438, 7389, 7176, 7372, 7323, 7487, 7405, 7716, 7307, 7421, 7274, 7421, 7127, 7340, 7421, 7438, 7258, 7340, 7225, 7421, 7307, 7454, 7077, 7438, 7372, 7438, 7208, 7536, 7258, 7421, 7241, 7471, 7487, 7487, 7585, 7454, 7438, 7159, 7454, 7389, 7487, 7487, 7405, 7323, 7471, 7176, 7520, 7405, 7290, 7241, 6766, 6455, 5963, 5668, 5177, 4833, 4620, 3866, 3948, 3358, 3260, 2768, 2539, 1933, 1720, 1114, 1015, 573, 131, 212, 114, 49, 16, 131, 65, -33, 131, 81, 98, 32, 147, 114, -263, -50, 32, -66, 81, 65, 32, 196, 131, -164, 131, 114, 65, 65, -99, -82, -33, 131, -82, -50, -230, 32, -181, 311, -82, 147, -82, 163, -213, 98, 114, 32, 98, 49, -164, -66, 131, 114, -50, -66, 65, -17, 32, -50, 81, 32, -50, 81, -115, -33, 114, 0, -132, 114, 114, 81, -213, -148, 32, -17, 98, -99, -99, -50, -82, 131, -33, -148, -99, 16, -33, 278, -50, 49, -50, -115, -33, -50, 65, 65, 32, 98, 131, 98, -115, 65, -230, 229, 0, -213, -66, 147, -99, -115, 32, -66, -50, -17, 0, -148, -50, -82, 0, -99, -164, -99, -164, 
0, 196, 212, 425, 835, 802, 917, 770, 770, 720, 671, 540, 802, 753, 540, 737, 688, 851, 770, 1081, 671, 786, 638, 786, 491, 704, 786, 802, 622, 704, 589, 786, 671, 819, 442, 802, 737, 802, 573, 901, 622, 786, 606, 835, 851, 851, 950, 819, 802, 524, 819, 753, 851, 851, 770, 688, 835, 540, 884, 770, 655, 802, 655, 671, 524, 557, 393, 393, 507, 81, 491, 229, 475, 311, 409, 147, 262, -17, 212, 114, 0, 212, 114, 49, 16, 131, 65, -33, 131, 81, 98, 32, 147, 114, -263, -50, 32, -66, 81, 65, 32, 196, 131, -164, 131, 114, 65, 65, -99, -82, -33, 131, -82, -50, -230, 32, -181, 311, -82, 147, -82, 163, -213, 98, 114, 32, 98, 49, -164, -66, 131, 114, -50, -66, 65, -17, 32, -50, 81, 32, -50, 81, -115, -33, 114, 0, -132, 114, 114, 81, -213, -148, 32, -17, 98, -99, -99, -50, -82, 131, -33, -148, -99, 16, -33, 278, -50, 49, -50, -115, -33, -50, 65, 65, 32, 98, 131, 98, -115, 65, -230, 229, 0, -213, -66, 147, -99, -115, 32, -66, -50, -17, 0, -148, -50, -82, 0, -99, -164, -99, -164, 

Pulse 3 
0, 851, 1966, 3293, 4816, 6094, 7520, 8683, 9977, 11239, 11403, 11272, 11534, 11485, 11272, 11468, 11419, 11583, 11501, 11812, 11403, 11517, 11370, 11517, 11223, 11436, 11517, 11534, 11354, 11436, 11321, 11517, 11403, 11550, 11173, 11534, 11468, 11534, 11304, 11632, 11354, 11517, 11337, 11567, 11583, 11583, 11681, 11550, 11534, 11255, 11550, 11485, 11583, 11583, 11501, 11419, 11567, 11272, 11616, 11501, 11386, 11223, 10534, 10010, 9338, 8814, 8126, 7585, 7159, 6209, 6078, 5275, 4980, 4292, 3850, 3047, 2621, 1802, 1507, 868, 212, 196, 114, 49, 16, 131, 65, -33, 131, 81, 98, 32, 147, 114, -263, -50, 32, -66, 81, 65, 32, 196, 131, -164, 131, 114, 65, 65, -99, -82, -33, 131, -82, -50, -230, 32, -181, 311, -82, 147, -82, 163, -213, 98, 114, 32, 98, 49, -164, -66, 131, 114, -50, -66, 65, -17, 32, -50, 81, 32, -50, 81, -115, -33, 114, 0, -132, 114, 114, 81, -213, -148, 32, -17, 98, -99, -99, -50, -82, 131, -33, -148, -99, 16, -33, 278, -50, 49, -50, -115, -33, -50, 65, 65, 32, 98, 131, 98, -115, 65, -230, 229, 0, -213, -66, 147, -99, -115, 32, -66, -50, -17, 0, -148, -50, -82, 0, -99, -164, -99, -164, 
0, 147, 98, 229, 573, 671, 917, 901, 1015, 1097, 1081, 950, 1212, 1163, 950, 1146, 1097, 1261, 1179, 1490, 1081, 1196, 1048, 1196, 901, 1114, 1196, 1212, 1032, 1114, 999, 1196, 1081, 1228, 851, 1212, 1146, 1212, 983, 1310, 1032, 1196, 1015, 1245, 1261, 1261, 1359, 1228, 1212, 933, 1228, 1163, 1261, 1261, 1179, 1097, 1245, 950, 1294, 1179, 1064, 1196, 1032, 1032, 868, 868, 688, 655, 770, 311, 704, 425, 638, 458, 540, 245, 344, 49, 262, 131, 0, 212, 114, 49, 16, 131, 65, -33, 131, 81, 98, 32, 147, 114, -263, -50, 32, -66, 81, 65, 32, 196, 131, -164, 131, 114, 65, 65, -99, -82, -33, 131, -82, -50, -230, 32, -181, 311, -82, 147, -82, 163, -213, 98, 114, 32, 98, 49, -164, -66, 131, 114, -50, -66, 65, -17, 32, -50, 81, 32, -50, 81, -115, -33, 114, 0, -132, 114, 114, 81, -213, -148, 32, -17, 98, -99, -99, -50, -82, 131, -33, -148, -99, 16, -33, 278, -50, 49, -50, -115, -33, -50, 65, 65, 32, 98, 131, 98, -115, 65, -230, 229, 0, -213, -66, 147, -99, -115, 32, -66, -50, -17, 0, -148, -50, -82, 0, -99, -164, -99, -164, 

Pulse 4 
0, 3473, 9027, 11370, 11583, 11534, 11649, 11501, 11501, 11452, 11403, 11272, 11534, 11485, 11272, 11468, 11419, 11583, 11501, 11812, 11403, 11517, 11370, 11517, 11223, 11436, 11517, 11534, 11354, 11436, 11321, 11517, 11403, 11550, 11173, 11534, 11468, 11534, 11304, 11632, 11354, 11517, 11337, 11567, 11583, 11583, 11681, 11550, 11534, 11255, 11550, 11485, 11583, 11583, 11501, 11419, 11567, 11272, 11616, 11501, 11386, 11223, 10534, 10010, 9338, 8814, 8126, 7585, 7159, 6209, 6078, 5275, 4980, 4292, 3850, 3047, 2621, 1802, 1507, 868, 212, 196, 114, 49, 16, 131, 65, -33, 131, 81, 98, 32, 147, 114, -263, -50, 32, -66, 81, 65, 32, 196, 131, -164, 131, 114, 65, 65, -99, -82, -33, 131, -82, -50, -230, 32, -181, 311, -82, 147, -82, 163, -213, 98, 114, 32, 98, 49, -164, -66, 131, 114, -50, -66, 65, -17, 32, -50, 81, 32, -50, 81, -115, -33, 114, 0, -132, 114, 114, 81, -213, -148, 32, -17, 98, -99, -99, -50, -82, 131, -33, -148, -99, 16, -33, 278, -50, 49, -50, -115, -33, -50, 65, 65, 32, 98, 131, 98, -115, 65, -230, 229, 0, -213, -66, 147, -99, -115, 32, -66, -50, -17, 0, -148, -50, -82, 0, -99, -164, -99, -164, 
0, 409, 802, 1032, 1261, 1212, 1327, 1179, 1179, 1130, 1081, 950, 1212, 1163, 950, 1146, 1097, 1261, 1179, 1490, 1081, 1196, 1048, 1196, 901, 1114, 1196, 1212, 1032, 1114, 999, 1196, 1081, 1228, 851, 1212, 1146, 1212, 983, 1310, 1032, 1196, 1015, 1245, 1261, 1261, 1359, 1228, 1212, 933, 1228, 1163, 1261, 1261, 1179, 1097, 1245, 950, 1294, 1179, 1064, 1196, 1032, 1032, 868, 868, 688, 655, 770, 311, 704, 425, 638, 458, 540, 245, 344, 49, 262, 131, 0, 212, 114, 49, 16, 131, 65, -33, 131, 81, 98, 32, 147, 114, -263, -50, 32, -66, 81, 65, 32, 196, 131, -164, 131, 114, 65, 65, -99, -82, -33, 131, -82, -50, -230, 32, -181, 311, -82, 147, -82, 163, -213, 98, 114, 32, 98, 49, -164, -66, 131, 114, -50, -66, 65, -17, 32, -50, 81, 32, -50, 81, -115, -33, 114, 0, -132, 114, 114, 81, -213, -148, 32, -17, 98, -99, -99, -50, -82, 131, -33, -148, -99, 16, -33, 278, -50, 49, -50, -115, -33, -50, 65, 65, 32, 98, 131, 98, -115, 65, -230, 229, 0, -213, -66, 147, -99, -115, 32, -66, -50, -17, 0, -148, -50, -82, 0, -99, -164, -99, -164, 

Pulse 5 
0, 360, 671, 1163, 1867, 2326, 2932, 3276, 3768, 4210, 4653, 4718, 4980, 4931, 4718, 4915, 4866, 5029, 4947, 5259, 4849, 4964, 4816, 4964, 4669, 4882, 4964, 4980, 4800, 4882, 4767, 4964, 4849, 4997, 4620, 4980, 4915, 4980, 4751, 5079, 4800, 4964, 4784, 5013, 5029, 5029, 5128, 4997, 4980, 4702, 4997, 4931, 5029, 5029, 4947, 4866, 5013, 4718, 5062, 4947, 4833, 4997, 4898, 4947, 4833, 4898, 4784, 4800, 4964, 4587, 5029, 4800, 5079, 4947, 5095, 4866, 5013, 4767, 5046, 4964, 4898, 5128, 5029, 4964, 4931, 5046, 4980, 4882, 5046, 4997, 5013, 4947, 5062, 5029, 4653, 4866, 4947, 4849, 4997, 4980, 4947, 4964, 4653, 4112, 4161, 3899, 3604, 3358, 2949, 2719, 2523, 2441, 1982, 1769, 1343, 1359, 901, 1146, 507, 491, 16, 163, -213, 98, 114, 32, 98, 49, -164, -66, 131, 114, -50, -66, 65, -17, 32, -50, 81, 32, -50, 81, -115, -33, 114, 0, -132, 114, 114, 81, -213, -148, 32, -17, 98, -99, -99, -50, -82, 131, -33, -148, -99, 16, -33, 278, -50, 49, -50, -115, -33, -50, 65, 65, 32, 98, 131, 98, -115, 65, -230, 229, 0, -213, -66, 147, -99, -115, 32, -66, -50, -17, 0, -148, -50, -82, 0, -99, -164, -99, -164, 
0, 98, -33, 16, 278, 294, 458, 360, 393, 393, 409, 294, 557, 507, 294, 491, 442, 606, 524, 835, 425, 540, 393, 540, 245, 458, 540, 557, 376, 458, 344, 540, 425, 573, 196, 557, 491, 557, 327, 655, 376, 540, 360, 589, 606, 606, 704, 573, 557, 278, 573, 507, 606, 606, 524, 442, 589, 294, 638, 524, 409, 573, 475, 524, 409, 475, 360, 376, 540, 163, 606, 376, 655, 524, 671, 442, 589, 344, 622, 540, 475, 704, 606, 540, 507, 622, 557, 458, 622, 573, 589, 524, 638, 606, 229, 442, 524, 425, 573, 557, 524, 671, 589, 262, 524, 491, 409, 393, 212, 196, 212, 360, 131, 131, -66, 163, -66, 393, -17, 180, -82, 163, -213, 98, 114, 32, 98, 49, -164, -66, 131, 114, -50, -66, 65, -17, 32, -50, 81, 32, -50, 81, -115, -33, 114, 0, -132, 114, 114, 81, -213, -148, 32, -17, 98, -99, -99, -50, -82, 131, -33, -148, -99, 16, -33, 278, -50, 49, -50, -115, -33, -50, 65, 65, 32, 98, 131, 98, -115, 65, -230, 229, 0, -213, -66, 147, -99, -115, 32, -66, -50, -17, 0, -148, -50, -82, 0, -99, -164, -99, -164, 

Pulse 6 
0, 360, 671, 1163, 1867, 2326, 2932, 3276, 3768, 4210, 4653, 4997, 5767, 6209, 6488, 7176, 7323, 7487, 7405, 7716, 7307, 7421, 7274, 7421, 7127, 7340, 7421, 7438, 7258, 7340, 7225, 7421, 7307, 7454, 7077, 7438, 7372, 7438, 7208, 7536, 7258, 7421, 7241, 7471, 7487, 7487, 7585, 7454, 7438, 7159, 7454, 7389, 7487, 7487, 7405, 7323, 7471, 7176, 7520, 7405, 7290, 7241, 6766, 6455, 5963, 5668, 5177, 4833, 4620, 3866, 3948, 3358, 3260, 2768, 2539, 1933, 1720, 1114, 1015, 573, 131, 212, 114, 49, 16, 131, 65, -33, 131, 81, 98, 32, 147, 114, -263, -50, 32, -66, 81, 65, 32, 196, 131, -164, 131, 114, 65, 65, -99, -82, -33, 131, -82, -50, -230, 32, -181, 311, -82, 147, -82, 163, -213, 98, 114, 32, 98, 49, -164, -66, 131, 114, -50, -66, 65, -17, 32, -50, 81, 32, -50, 81, -115, -33, 114, 0, -132, 114, 114, 81, -213, -148, 32, -17, 98, -99, -99, -50, -82, 131, -33, -148, -99, 16, -33, 278, -50, 49, -50, -115, -33, -50, 65, 65, 32, 98, 131, 98, -115, 65, -230, 229, 0, -213, -66, 147, -99, -115, 32, -66, -50, -17, 0, -148, -50, -82, 0, -99, -164, -99, -164, 
0, 98, -33, 16, 278, 294, 458, 360, 393, 393, 409, 311, 638, 638, 475, 720, 688, 851, 770, 1081, 671, 786, 638, 786, 491, 704, 786, 802, 622, 704, 589, 786, 671, 819, 442, 802, 737, 802, 573, 901, 622, 786, 606, 835, 851, 851, 950, 819, 802, 524, 819, 753, 851, 851, 770, 688, 835, 540, 884, 770, 655, 802, 655, 671, 524, 557, 393, 393, 507, 81, 491, 229, 475, 311, 409, 147, 262, -17, 212, 114, 0, 212, 114, 49, 16, 131, 65, -33, 131, 81, 98, 32, 147, 114, -263, -50, 32, -66, 81, 65, 32, 196, 131, -164, 131, 114, 65, 65, -99, -82, -33, 131, -82, -50, -230, 32, -181, 311, -82, 147, -82, 163, -213, 98, 114, 32, 98, 49, -164, -66, 131, 114, -50, -66, 65, -17, 32, -50, 81, 32, -50, 81, -115, -33, 114, 0, -132, 114, 114, 81, -213, -148, 32, -17, 98, -99, -99, -50, -82, 131, -33, -148, -99, 16, -33, 278, -50, 49, -50, -115, -33, -50, 65, 65, 32, 98, 131, 98, -115, 65, -230, 229, 0, -213, -66, 147, -99, -115, 32, -66, -50, -17, 0, -148, -50, -82, 0, -99, -164, -99, -164, 

Pulse 7 
0, 262, 409, 737, 1277, 1572, 2015, 2195, 2523, 2801, 3080, 3276, 3866, 4145, 4259, 4784, 5062, 5537, 5799, 6422, 6356, 6799, 6979, 7454, 7487, 8028, 8437, 8781, 8929, 9338, 9535, 10059, 10289, 10764, 10715, 11403, 11665, 12058, 12156, 12812, 12861, 13352, 13500, 14057, 14401, 14729, 15155, 15351, 15663, 15712, 16334, 16400, 16498, 16498, 16416, 16334, 16482, 16187, 16531, 16416, 16302, 16465, 16367, 16416, 16302, 16367, 16252, 16269, 16433, 16056, 16498, 16269, 16547, 16416, 16564, 16334, 16482, 16236, 16515, 16433, 16367, 16596, 16498, 16433, 16400, 16515, 16449, 16351, 16515, 16465, 16482, 16416, 16531, 16498, 16121, 16334, 16416, 16318, 16465, 16449, 16416, 16580, 16515, 16220, 16515, 16498, 16449, 16449, 16285, 16302, 16351, 16515, 16302, 16334, 16154, 16416, 16203, 16695, 16302, 16531, 16302, 16547, 16171, 16482, 16498, 16416, 16482, 16433, 16220, 16318, 16515, 16498, 16334, 16318, 16449, 16367, 16416, 16334, 16465, 16416, 16334, 16465, 16269, 16351, 16498, 16384, 16252, 16498, 16498, 16465, 16171, 16236, 16416, 16367, 16482, 16285, 16285, 16334, 16302, 16515, 16351, 16236, 16285, 16400, 16351, 16662, 16334, 16433, 16334, 16269, 16351, 16334, 16449, 16449, 16416, 16482, 16515, 16482, 16269, 16449, 16154, 16613, 16384, 16171, 16318, 16531, 16285, 16269, 16416, 16318, 16334, 16367, 16384, 16236, 16334, 16302, 16121, 15663, 15253, 14942, 14516, 
0, 81, -66, -17, 229, 212, 360, 245, 278, 262, 245, 147, 458, 425, 262, 491, 475, 655, 606, 950, 589, 720, 622, 802, 524, 770, 901, 950, 786, 901, 819, 1048, 966, 1146, 802, 1212, 1179, 1261, 1081, 1425, 1179, 1392, 1228, 1490, 1540, 1572, 1703, 1605, 1622, 1376, 1703, 1654, 1753, 1753, 1671, 1589, 1736, 1441, 1785, 1671, 1556, 1720, 1622, 1671, 1556, 1622, 1507, 1523, 1687, 1310, 1753, 1523, 1802, 1671, 1818, 1589, 1736, 1490, 1769, 1687, 1622, 1851, 1753, 1687, 1654, 1769, 1703, 1605, 1769, 1720, 1736, 1671, 1785, 1753, 1376, 1589, 1671, 1572, 1720, 1703, 1671, 1835, 1769, 1474, 1769, 1753, 1703, 1703, 1540, 1556, 1605, 1769, 1556, 1589, 1409, 1671, 1458, 1949, 1556, 1785, 1556, 1802, 1425, 1736, 1753, 1671, 1736, 1687, 1474, 1572, 1769, 1753, 1589, 1572, 1703, 1622, 1671, 1589, 1720, 1671, 1589, 1720, 1523, 1605, 1753, 1638, 1507, 1753, 1753, 1720, 1425, 1490, 1671, 1622, 1736, 1540, 1540, 1589, 1556, 1769, 1605, 1490, 1540, 1654, 1605, 1916, 1589, 1687, 1589, 1523, 1605, 1589, 1703, 1703, 1671, 1736, 1769, 1736, 1523, 1703, 1409, 1867, 1638, 1425, 1572, 1785, 1540, 1523, 1671, 1572, 1589, 1622, 1638, 1490, 1589, 1556, 1605, 1474, 1376, 1392, 1310, 

Pulse 8 
0, 32744, 32744, 32744, 32744, 32744, 32744, 32744, 32744, 32744, 32744, 32744, 32744, 32744, 32744, 32744, 32744, -181, 32, 344, -66, 49, -99, 49, -246, -33, 49, 65, -115, -33, -148, 49, -66, 81, -295, 65, 0, 65, -164, 163, -115, 49, -132, 98, 114, 114, 212, 81, 65, -213, 81, 16, 114, 114, 32, -50, 98, -197, 147, 32, -82, 81, -17, 32, -82, -17, -132, -115, 49, -328, 114, -115, 163, 32, 180, -50, 98, -148, 131, 49, -17, 212, 114, 49, 16, 131, 65, -33, 131, 81, 98, 32, 147, 114, -263, -50, 32, -66, 81, 65, 32, 196, 131, -164, 131, 114, 65, 65, -99, -82, -33, 131, -82, -50, -230, 32, -181, 311, -82, 147, -82, 163, -213, 98, 114, 32, 98, 49, -164, -66, 131, 114, -50, -66, 65, -17, 32, -50, 81, 32, -50, 81, -115, -33, 114, 0, -132, 114, 114, 81, -213, -148, 32, -17, 98, -99, -99, -50, -82, 131, -33, -148, -99, 16, -33, 278, -50, 49, -50, -115, -33, -50, 65, 65, 32, 98, 131, 98, -115, 65, -230, 229, 0, -213, -66, 147, -99, -115, 32, -66, -50, -17, 0, -148, -50, -82, 0, -99, -164, -99, -164, 
0, 9781, 26017, 32744, 32744, 32744, 32744, 32744, 32744, 32744, 32744, 32744, 32744, 32744, 23445, 13811, 3932, 81, 32, 344, -66, 49, -99, 49, -246, -33, 49, 65, -115, -33, -148, 49, -66, 81, -295, 65, 0, 65, -164, 163, -115, 49, -132, 98, 114, 114, 212, 81, 65, -213, 81, 16, 114, 114, 32, -50, 98, -197, 147, 32, -82, 81, -17, 32, -82, -17, -132, -115, 49, -328, 114, -115, 163, 32, 180, -50, 98, -148, 131, 49, -17, 212, 114, 49, 16, 131, 65, -33, 131, 81, 98, 32, 147, 114, -263, -50, 32, -66, 81, 65, 32, 196, 131, -164, 131, 114, 65, 65, -99, -82, -33, 131, -82, -50, -230, 32, -181, 311, -82, 147, -82, 163, -213, 98, 114, 32, 98, 49, -164, -66, 131, 114, -50, -66, 65, -17, 32, -50, 81, 32, -50, 81, -115, -33, 114, 0, -132, 114, 114, 81, -213, -148, 32, -17, 98, -99, -99, -50, -82, 131, -33, -148, -99, 16, -33, 278, -50, 49, -50, -115, -33, -50, 65, 65, 32, 98, 131, 98, -115, 65, -230, 229, 0, -213, -66, 147, -99, -115, 32, -66, -50, -17, 0, -148, -50, -82, 0, -99, -164, -99, -164, 

Pulse 9 
0, 966, 983, 1114, 1130, 1376, 1327, 1474, 835, 1196, 1064, 1032, 1097, 1179, 1015, 1343, 917, 1130, 884, 1310, 917, 1196, 1212, 1261, 983, 917, 1277, 1343, 950, 1310, 950, 1671, 1114, 1720, 1064, 1589, 1163, 1474, 884, 1671, 786, 1425, 1032, 1818, 1392, 1572, 1409, 1638, 1179, 884, 1015, 1359, 1343, 1392, 1163, 1507, 1409, 1146, 1572, 1753, 1409, 1458, 1212, 1343, 1261, 1294, 1032, 1114, 1359, 966, 1474, 1294, 1490, 1179, 1474, 1261, 1376, 1196, 1490, 1376, 1179, 1327, 1343, 1261, 1425, 1458, 1490, 1261, 1523, 1163, 1261, 1032, 1294, 1163, 1212, 1327, 1425, 1114, 1425, 1032, 884, 1015, 1343, 868, 1556, 1032, 1392, 1474, 1228, 802, 1081, 1048, 1130, 1146, 1130, 1179, 1130, 1425, 1097, 1343, 1294, 1425, 1081, 1343, 1327, 1097, 1376, 1261, 999, 1097, 1179, 1687, 1228, 1114, 1327, 1327, 1540, 1097, 1327, 1523, 1327, 1523, 917, 1392, 1523, 1474, 1064, 1294, 1490, 1425, 950, 1015, 1261, 1490, 1081, 1474, 983, 1605, 933, 1622, 1114, 1327, 1048, 1196, 1015, 1671, 1064, 1409, 1327, 1572, 1392, 1474, 1163, 1409, 1179, 1490, 1376, 1605, 1114, 1409, 1343, 1982, 1900, 1638, 2080, 2244, 2048, 2113, 1966, 2211, 1638, 1753, 1605, 1835, 1867, 1998, 1949, 2293, 2097, 2473, 2064, 
0, -836, -787, -787, -902, -656, -246, -361, -1246, -672, -967, -902, -361, -885, -1459, -984, -426, -771, -1049, -558, -721, -590, -508, -607, -951, -984, -443, -689, -607, -672, -1000, -361, -312, -771, -1180, -328, -132, -590, -1033, -803, -590, -426, -771, -541, -836, -738, -279, -705, -721, -1065, -689, -836, -541, -721, -820, -1180, -574, -721, -967, -607, -574, -656, -902, -295, -558, -771, -672, -852, -1016, -1098, -492, -1475, -361, -492, -1115, -1180, -377, -1147, -738, -476, -1115, -1180, -836, -1000, -1131, -705, -558, -1278, -1131, -689, -869, -1262, -754, -836, -1999, -1557, -820, -852, -1082, -1213, -1295, -721, -541, -1065, -1033, -918, -590, -689, -1082, -771, -1131, -803, -361, -721, -1410, -246, -443, -574, -574, -164, -1033, 180, -263, -656, -918, 0, -66, -426, -984, -459, 49, -17, -558, -771, -377, 49, -246, -672, -852, -541, -33, 311, -918, -984, -574, -263, -394, -525, -1278, -1246, -476, -656, -1180, -1442, -902, -1164, -1000, -967, -1377, -1016, -1229, -721, -1115, -1721, -1098, -721, -1442, -738, -1508, -1704, -590, -623, -1590, -1377, -1262, -1147, -426, -902, -1442, -1262, -1410, -951, -426, -1393, -1426, -590, -803, -1164, -754, -1344, -1164, -852, -1344, -1016, -721, -1508, -852, -394, -967, -918, -574, 

Pulse 10 
0, 32744, 32744, 32744, 32744, 32744, 32744, 32744, 32744, 32744, 32744, 32744, 32744, 32744, -8078, -31818, -32745, -2671, -32745, 6062, -3015, -2671, -14336, -22512, -16303, -17990, -25363, -15156, -7980, -967, -6865, -5456, -16991, -6472, -14828, -10388, -18449, -12469, -10470, -7259, -11518, 344, -132, 98, 114, 114, 212, 81, 65, -213, 81, 16, 114, 114, 32, -50, 98, -197, 147, 32, -82, 81, -17, 32, -82, -17, -132, -115, 49, -328, 114, -115, 163, 32, 180, -50, 98, -148, 131, 49, -17, 212, 114, 49, 16, 131, 65, -33, 131, 81, 98, 32, 147, 114, -263, -50, 32, -66, 81, 65, 32, 196, 131, -164, 131, 114, 65, 65, -99, -82, -33, 131, -82, -50, -230, 32, -181, 311, -82, 147, -82, 163, -213, 98, 114, 32, 98, 49, -164, -66, 131, 114, -50, -66, 65, -17, 32, -50, 81, 32, -50, 81, -115, -33, 114, 0, -132, 114, 114, 81, -213, -148, 32, -17, 98, -99, -99, -50, -82, 131, -33, -148, -99, 16, -33, 278, -50, 49, -50, -115, -33, -50, 65, 65, 32, 98, 131, 98, -115, 65, -230, 229, 0, -213, -66, 147, -99, -115, 32, -66, -50, -17, 0, -148, -50, -82, 0, -99, -164, -99, -164, 
0, 6209, 29999, 32744, 32744, 29425, 20922, 32744, 32744, 32744, 32744, 32744, 32744, 16056, -984, -3179, -10437, -164, -6767, 901, -361, -213, -1524, -2196, -1852, -1836, -2491, -1459, -902, -132, -820, -508, -1770, -574, -1754, -967, -1836, -1197, -1180, -590, -1262, 81, -132, 98, 114, 114, 212, 81, 65, -213, 81, 16, 114, 114, 32, -50, 98, -197, 147, 32, -82, 81, -17, 32, -82, -17, -132, -115, 49, -328, 114, -115, 163, 32, 180, -50, 98, -148, 131, 49, -17, 212, 114, 49, 16, 131, 65, -33, 131, 81, 98, 32, 147, 114, -263, -50, 32, -66, 81, 65, 32, 196, 131, -164, 131, 114, 65, 65, -99, -82, -33, 131, -82, -50, -230, 32, -181, 311, -82, 147, -82, 163, -213, 98, 114, 32, 98, 49, -164, -66, 131, 114, -50, -66, 65, -17, 32, -50, 81, 32, -50, 81, -115, -33, 114, 0, -132, 114, 114, 81, -213, -148, 32, -17, 98, -99, -99, -50, -82, 131, -33, -148, -99, 16, -33, 278, -50, 49, -50, -115, -33, -50, 65, 65, 32, 98, 131, 98, -115, 65, -230, 229, 0, -213, -66, 147, -99, -115, 32, -66, -50, -17, 0, -148, -50, -82, 0, -99, -164, -99, -164, 

Pulse 11 
0, -426, 32744, 32744, 32744, 32744, 32744, 32744, 32744, 32744, 32744, 32744, 32744, 32744, -32745, 19529, 10633, -18629, 1556, -7341, -2966, -9208, -5047, -7209, -7963, -3769, 606, -2966, -8766, -4703, -4752, 868, -3654, -4129, -5981, -2130, -1229, -4064, -5096, -1688, -443, 98, -132, 98, 114, 114, 212, 81, 65, -213, 81, 16, 114, 114, 32, -50, 98, -197, 147, 32, -82, 81, -17, 32, -82, -17, -132, -115, 49, -328, 114, -115, 163, 32, 180, -50, 98, -148, 131, 49, -17, 212, 114, 49, 16, 131, 65, -33, 131, 81, 98, 32, 147, 114, -263, -50, 32, -66, 81, 65, 32, 196, 131, -164, 131, 114, 65, 65, -99, -82, -33, 131, -82, -50, -230, 32, -181, 311, -82, 147, -82, 163, -213, 98, 114, 32, 98, 49, -164, -66, 131, 114, -50, -66, 65, -17, 32, -50, 81, 32, -50, 81, -115, -33, 114, 0, -132, 114, 114, 81, -213, -148, 32, -17, 98, -99, -99, -50, -82, 131, -33, -148, -99, 16, -33, 278, -50, 49, -50, -115, -33, -50, 65, 65, 32, 98, 131, 98, -115, 65, -230, 229, 0, -213, -66, 147, -99, -115, 32, -66, -50, -17, 0, -148, -50, -82, 0, -99, -164, -99, -164, 
0, 16, 8306, 27262, 32744, 32620, 13058, 20512, 32744, 32744, 31129, 25542, 7798, 6127, -4948, 1966, 1032, -1770, 196, -426, -345, -869, -590, -672, -1016, -410, 114, -230, -984, -508, -623, 131, -426, -345, -869, -148, -115, -345, -656, -33, -148, 65, -132, 98, 114, 114, 212, 81, 65, -213, 81, 16, 114, 114, 32, -50, 98, -197, 147, 32, -82, 81, -17, 32, -82, -17, -132, -115, 49, -328, 114, -115, 163, 32, 180, -50, 98, -148, 131, 49, -17, 212, 114, 49, 16, 131, 65, -33, 131, 81, 98, 32, 147, 114, -263, -50, 32, -66, 81, 65, 32, 196, 131, -164, 131, 114, 65, 65, -99, -82, -33, 131, -82, -50, -230, 32, -181, 311, -82, 147, -82, 163, -213, 98, 114, 32, 98, 49, -164, -66, 131, 114, -50, -66, 65, -17, 32, -50, 81, 32, -50, 81, -115, -33, 114, 0, -132, 114, 114, 81, -213, -148, 32, -17, 98, -99, -99, -50, -82, 131, -33, -148, -99, 16, -33, 278, -50, 49, -50, -115, -33, -50, 65, 65, 32, 98, 131, 98, -115, 65, -230, 229, 0, -213, -66, 147, -99, -115, 32, -66, -50, -17, 0, -148, -50, -82, 0, -99, -164, -99, -164, 

Pulse 12 
0, -2245, 32744, 32744, 32744, 32744, 32744, 32744, 32744, 32744, 32744, 32744, 32744, 32744, 32744, 32744, 32744, 32744, 32744, 32744, 32744, 32744, 32744, 32744, 32744, -21038, -32745, -32745, -32745, -26985, 17776, 18546, 4505, -13239, -6718, -7603, -9520, -7144, -9274, -1754, -8029, 278, -132, 98, 114, 114, 212, 81, 65, -213, 81, 16, 114, 114, 32, -50, 98, -197, 147, 32, -82, 81, -17, 32, -82, -17, -132, -115, 49, -328, 114, -115, 163, 32, 180, -50, 98, -148, 131, 49, -17, 212, 114, 49, 16, 131, 65, -33, 131, 81, 98, 32, 147, 114, -263, -50, 32, -66, 81, 65, 32, 196, 131, -164, 131, 114, 65, 65, -99, -82, -33, 131, -82, -50, -230, 32, -181, 311, -82, 147, -82, 163, -213, 98, 114, 32, 98, 49, -164, -66, 131, 114, -50, -66, 65, -17, 32, -50, 81, 32, -50, 81, -115, -33, 114, 0, -132, 114, 114, 81, -213, -148, 32, -17, 98, -99, -99, -50, -82, 131, -33, -148, -99, 16, -33, 278, -50, 49, -50, -115, -33, -50, 65, 65, 32, 98, 131, 98, -115, 65, -230, 229, 0, -213, -66, 147, -99, -115, 32, -66, -50, -17, 0, -148, -50, -82, 0, -99, -164, -99, -164, 
0, -164, 5177, 8536, 8060, 14401, 13516, 11354, 8437, 10108, 11304, 12615, 12304, 14532, 18251, 20938, 26329, 26738, 32744, 32744, 32744, 30048, 26394, 18759, 6553, -2130, -3245, -5145, -3982, -2737, 1638, 1884, 393, -1246, -934, -689, -951, -656, -1065, -33, -918, 81, -132, 98, 114, 114, 212, 81, 65, -213, 81, 16, 114, 114, 32, -50, 98, -197, 147, 32, -82, 81, -17, 32, -82, -17, -132, -115, 49, -328, 114, -115, 163, 32, 180, -50, 98, -148, 131, 49, -17, 212, 114, 49, 16, 131, 65, -33, 131, 81, 98, 32, 147, 114, -263, -50, 32, -66, 81, 65, 32, 196, 131, -164, 131, 114, 65, 65, -99, -82, -33, 131, -82, -50, -230, 32, -181, 311, -82, 147, -82, 163, -213, 98, 114, 32, 98, 49, -164, -66, 131, 114, -50, -66, 65, -17, 32, -50, 81, 32, -50, 81, -115, -33, 114, 0, -132, 114, 114, 81, -213, -148, 32, -17, 98, -99, -99, -50, -82, 131, -33, -148, -99, 16, -33, 278, -50, 49, -50, -115, -33, -50, 65, 65, 32, 98, 131, 98, -115, 65, -230, 229, 0, -213, -66, 147, -99, -115, 32, -66, -50, -17, 0, -148, -50, -82, 0, -99, -164, -99, -164, 

Pulse 13 
0, -66, 32744, 32744, 32744, 32744, 32744, 32744, 32744, 32744, 32744, 32744, 32744, 32744, 32744, 32744, 32744, 32744, 32744, 32744, 32744, 32744, 32744, -14779, -19596, -32745, -3589, -30966, -10929, -7816, -21955, -18580, -19989, -15156, -16729, -8520, -9438, -8520, -12141, -11502, -7406, 245, -132, 98, 114, 114, 212, 81, 65, -213, 81, 16, 114, 114, 32, -50, 98, -197, 147, 32, -82, 81, -17, 32, -82, -17, -132, -115, 49, -328, 114, -115, 163, 32, 180, -50, 98, -148, 131, 49, -17, 212, 114, 49, 16, 131, 65, -33, 131, 81, 98, 32, 147, 114, -263, -50, 32, -66, 81, 65, 32, 196, 131, -164, 131, 114, 65, 65, -99, -82, -33, 131, -82, -50, -230, 32, -181, 311, -82, 147, -82, 163, -213, 98, 114, 32, 98, 49, -164, -66, 131, 114, -50, -66, 65, -17, 32, -50, 81, 32, -50, 81, -115, -33, 114, 0, -132, 114, 114, 81, -213, -148, 32, -17, 98, -99, -99, -50, -82, 131, -33, -148, -99, 16, -33, 278, -50, 49, -50, -115, -33, -50, 65, 65, 32, 98, 131, 98, -115, 65, -230, 229, 0, -213, -66, 147, -99, -115, 32, -66, -50, -17, 0, -148, -50, -82, 0, -99, -164, -99, -164, 
0, 49, 10436, 11976, 15171, 9306, 6766, 8814, 13926, 32096, 32744, 15187, 32047, 32744, 32744, 32744, 32744, 32744, 32744, 32744, 32744, 28753, 10600, -1426, -2180, -4785, -312, -3032, -1197, -820, -2343, -1819, -2065, -1442, -1934, -787, -934, -803, -1360, -1016, -852, 81, -132, 98, 114, 114, 212, 81, 65, -213, 81, 16, 114, 114, 32, -50, 98, -197, 147, 32, -82, 81, -17, 32, -82, -17, -132, -115, 49, -328, 114, -115, 163, 32, 180, -50, 98, -148, 131, 49, -17, 212, 114, 49, 16, 131, 65, -33, 131, 81, 98, 32, 147, 114, -263, -50, 32, -66, 81, 65, 32, 196, 131, -164, 131, 114, 65, 65, -99, -82, -33, 131, -82, -50, -230, 32, -181, 311, -82, 147, -82, 163, -213, 98, 114, 32, 98, 49, -164, -66, 131, 114, -50, -66, 65, -17, 32, -50, 81, 32, -50, 81, -115, -33, 114, 0, -132, 114, 114, 81, -213, -148, 32, -17, 98, -99, -99, -50, -82, 131, -33, -148, -99, 16, -33, 278, -50, 49, -50, -115, -33, -50, 65, 65, 32, 98, 131, 98, -115, 65, -230, 229, 0, -213, -66, 147, -99, -115, 32, -66, -50, -17, 0, -148, -50, -82, 0, -99, -164, -99, -164, 

Pulse 14 
0, 32744, 32744, 32744, 32744, 32744, 32744, 32744, 32744, 32744, 32744, 32744, 32744, 32744, 32744, 32744, 32744, 32744, 32744, 32744, 32744, 32744, -5719, -4506, -2032, 3162, -2671, -5800, -3425, -3277, -590, 16, -66, 81, -295, 65, 0, 65, -164, 163, -115, 49, -132, 98, 114, 114, 212, 81, 65, -213, 81, 16, 114, 114, 32, -50, 98, -197, 147, 32, -82, 81, -17, 32, -82, -17, -132, -115, 49, -328, 114, -115, 163, 32, 180, -50, 98, -148, 131, 49, -17, 212, 114, 49, 16, 131, 65, -33, 131, 81, 98, 32, 147, 114, -263, -50, 32, -66, 81, 65, 32, 196, 131, -164, 131, 114, 65, 65, -99, -82, -33, 131, -82, -50, -230, 32, -181, 311, -82, 147, -82, 163, -213, 98, 114, 32, 98, 49, -164, -66, 131, 114, -50, -66, 65, -17, 32, -50, 81, 32, -50, 81, -115, -33, 114, 0, -132, 114, 114, 81, -213, -148, 32, -17, 98, -99, -99, -50, -82, 131, -33, -148, -99, 16, -33, 278, -50, 49, -50, -115, -33, -50, 65, 65, 32, 98, 131, 98, -115, 65, -230, 229, 0, -213, -66, 147, -99, -115, 32, -66, -50, -17, 0, -148, -50, -82, 0, -99, -164, -99, -164, 
0, 4259, 16547, 22315, 27328, 16498, 29933, 32744, 32744, 30539, 32744, 32744, 32744, 32744, 16531, 10698, 10534, 10272, 6537, 5619, 3833, 3997, -656, -394, -426, 278, -213, -525, -443, -361, -197, 32, -66, 81, -295, 65, 0, 65, -164, 163, -115, 49, -132, 98, 114, 114, 212, 81, 65, -213, 81, 16, 114, 114, 32, -50, 98, -197, 147, 32, -82, 81, -17, 32, -82, -17, -132, -115, 49, -328, 114, -115, 163, 32, 180, -50, 98, -148, 131, 49, -17, 212, 114, 49, 16, 131, 65, -33, 131, 81, 98, 32, 147, 114, -263, -50, 32, -66, 81, 65, 32, 196, 131, -164, 131, 114, 65, 65, -99, -82, -33, 131, -82, -50, -230, 32, -181, 311, -82, 147, -82, 163, -213, 98, 114, 32, 98, 49, -164, -66, 131, 114, -50, -66, 65, -17, 32, -50, 81, 32, -50, 81, -115, -33, 114, 0, -132, 114, 114, 81, -213, -148, 32, -17, 98, -99, -99, -50, -82, 131, -33, -148, -99, 16, -33, 278, -50, 49, -50, -115, -33, -50, 65, 65, 32, 98, 131, 98, -115, 65, -230, 229, 0, -213, -66, 147, -99, -115, 32, -66, -50, -17, 0, -148, -50, -82, 0, -99, -164, -99, -164, 

Pulse 15 
0, 29196, 32744, 32744, 32744, 32744, 32744, 32744, 32744, 32744, 32744, 32744, 32744, 32744, 32744, 32744, 32744, 20742, -115, 327, -66, 49, -99, 49, -246, -33, 49, 65, -115, -33, -148, 49, -66, 81, -295, 65, 0, 65, -164, 163, -115, 49, -132, 98, 114, 114, 212, 81, 65, -213, 81, 16, 114, 114, 32, -50, 98, -197, 147, 32, -82, 81, -17, 32, -82, -17, -132, -115, 49, -328, 114, -115, 163, 32, 180, -50, 98, -148, 131, 49, -17, 212, 114, 49, 16, 131, 65, -33, 131, 81, 98, 32, 147, 114, -263, -50, 32, -66, 81, 65, 32, 196, 131, -164, 131, 114, 65, 65, -99, -82, -33, 131, -82, -50, -230, 32, -181, 311, -82, 147, -82, 163, -213, 98, 114, 32, 98, 49, -164, -66, 131, 114, -50, -66, 65, -17, 32, -50, 81, 32, -50, 81, -115, -33, 114, 0, -132, 114, 114, 81, -213, -148, 32, -17, 98, -99, -99, -50, -82, 131, -33, -148, -99, 16, -33, 278, -50, 49, -50, -115, -33, -50, 65, 65, 32, 98, 131, 98, -115, 65, -230, 229, 0, -213, -66, 147, -99, -115, 32, -66, -50, -17, 0, -148, -50, -82, 0, -99, -164, -99, -164, 
0, 2981, 7716, 12648, 17776, 22659, 26787, 26574, 26574, 26525, 26476, 26345, 26607, 22495, 17186, 12287, 7127, 2179, 16, 327, -66, 49, -99, 49, -246, -33, 49, 65, -115, -33, -148, 49, -66, 81, -295, 65, 0, 65, -164, 163, -115, 49, -132, 98, 114, 114, 212, 81, 65, -213, 81, 16, 114, 114, 32, -50, 98, -197, 147, 32, -82, 81, -17, 32, -82, -17, -132, -115, 49, -328, 114, -115, 163, 32, 180, -50, 98, -148, 131, 49, -17, 212, 114, 49, 16, 131, 65, -33, 131, 81, 98, 32, 147, 114, -263, -50, 32, -66, 81, 65, 32, 196, 131, -164, 131, 114, 65, 65, -99, -82, -33, 131, -82, -50, -230, 32, -181, 311, -82, 147, -82, 163, -213, 98, 114, 32, 98, 49, -164, -66, 131, 114, -50, -66, 65, -17, 32, -50, 81, 32, -50, 81, -115, -33, 114, 0, -132, 114, 114, 81, -213, -148, 32, -17, 98, -99, -99, -50, -82, 131, -33, -148, -99, 16, -33, 278, -50, 49, -50, -115, -33, -50, 65, 65, 32, 98, 131, 98, -115, 65, -230, 229, 0, -213, -66, 147, -99, -115, 32, -66, -50, -17, 0, -148, -50, -82, 0, -99, -164, -99, -164, 

Pulse 16 
0, 26771, 32744, 32744, 32744, 32744, 32744, 32744, 32744, 32744, 32744, 32744, 13221, 49, -197, 0, -50, 114, 32, 344, -66, 49, -99, 49, -246, -33, 49, 65, -115, -33, -148, 49, -66, 81, -295, 65, 0, 65, -164, 163, -115, 49, -132, 98, 114, 114, 212, 81, 65, -213, 81, 16, 114, 114, 32, -50, 98, -197, 147, 32, -82, 81, -17, 32, -82, -17, -132, -115, 49, -328, 114, -115, 163, 32, 180, -50, 98, -148, 131, 49, -17, 212, 114, 49, 16, 131, 65, -33, 131, 81, 98, 32, 147, 114, -263, -50, 32, -66, 81, 65, 32, 196, 131, -164, 131, 114, 65, 65, -99, -82, -33, 131, -82, -50, -230, 32, -181, 311, -82, 147, -82, 163, -213, 98, 114, 32, 98, 49, -164, -66, 131, 114, -50, -66, 65, -17, 32, -50, 81, 32, -50, 81, -115, -33, 114, 0, -132, 114, 114, 81, -213, -148, 32, -17, 98, -99, -99, -50, -82, 131, -33, -148, -99, 16, -33, 278, -50, 49, -50, -115, -33, -50, 65, 65, 32, 98, 131, 98, -115, 65, -230, 229, 0, -213, -66, 147, -99, -115, 32, -66, -50, -17, 0, -148, -50, -82, 0, -99, -164, -99, -164, 
0, 2736, 7077, 11583, 16302, 18104, 18202, 18055, 18055, 18006, 14139, 7553, 1392, 16, -197, 0, -50, 114, 32, 344, -66, 49, -99, 49, -246, -33, 49, 65, -115, -33, -148, 49, -66, 81, -295, 65, 0, 65, -164, 163, -115, 49, -132, 98, 114, 114, 212, 81, 65, -213, 81, 16, 114, 114, 32, -50, 98, -197, 147, 32, -82, 81, -17, 32, -82, -17, -132, -115, 49, -328, 114, -115, 163, 32, 180, -50, 98, -148, 131, 49, -17, 212, 114, 49, 16, 131, 65, -33, 131, 81, 98, 32, 147, 114, -263, -50, 32, -66, 81, 65, 32, 196, 131, -164, 131, 114, 65, 65, -99, -82, -33, 131, -82, -50, -230, 32, -181, 311, -82, 147, -82, 163, -213, 98, 114, 32, 98, 49, -164, -66, 131, 114, -50, -66, 65, -17, 32, -50, 81, 32, -50, 81, -115, -33, 114, 0, -132, 114, 114, 81, -213, -148, 32, -17, 98, -99, -99, -50, -82, 131, -33, -148, -99, 16, -33, 278, -50, 49, -50, -115, -33, -50, 65, 65, 32, 98, 131, 98, -115, 65, -230, 229, 0, -213, -66, 147, -99, -115, 32, -66, -50, -17, 0, -148, -50, -82, 0, -99, -164, -99, -164, 

Pulse 17 
0, 1982, 147, -5899, -4703, 4407, 5357, 1425, -213, 5275, 3244, 16, -5555, -5850, -328, 4980, 7307, -213, -2900, 1409, -4096, -10732, -9618, -3212, 5881, 7815, 5980, 8781, 6881, 4603, -2917, -3130, -3376, -6161, -9159, -6341, -3048, 1687, 6094, 3932, 3244, 4325, 98, -1770, -2245, 262, 3276, -3261, -2950, -443, 638, 2064, 3063, -410, -1082, 1818, 1392, -1164, -918, -1360, -1197, 1163, 1441, -66, -1934, -3277, -6308, -1704, -345, 1310, 6520, 5914, 6520, 3850, -2311, -3900, -1852, -6046, -7078, 1212, 5308, 3407, 2179, 5160, 2932, -1573, -4522, -4965, -7554, -11895, -3458, 6062, 9846, 5537, 2359, 4636, 1097, 901, 5324, 5439, 458, -8831, -6456, -5440, -6390, -3081, 2539, 2654, 2850, 1179, -213, 1015, 4030, 2342, -984, -3343, -1360, -2229, 409, -164, 1835, 5079, 507, -1033, -443, 1687, 131, -1082, 770, 2211, 262, -6898, -5112, -2098, 1507, 540, -3605, -1115, 2768, 6307, 7225, 2752, -1213, -1360, -1557, -5424, -6456, 81, 6553, 6782, 1736, 688, -1278, 540, -705, -5014, -6407, -3671, -3294, -607, 1294, 2555, 2080, 1556, 3457, 3391, 786, -2606, 2818, 6045, 606, -2425, -1491, -771, -181, 2195, -1475, -5456, -8979, -4260, -5194, 2293, 8323, 1523, 1392, 2326, 3489, 1097, 966, -607, 1769, 6930, 3719, -4490, -1541, -2147, -9290, -3326, -1197, -3130, -3261, 
0, 1540, 425, 3080, 9338, 7503, 2129, -590, -3834, -6652, -8258, -6276, -3081, -1491, 4456, 14188, 10338, 1998, 1966, -2753, -8225, -4031, -1098, -2638, 1556, 573, -2655, 1245, 3407, 950, -541, 1097, -3638, -4129, -3884, 655, 1687, 2834, 6094, 3391, 3194, 1114, -2261, -3097, -4228, 753, -672, -2196, -279, 2277, -443, 65, -508, -2180, -3326, 1490, 2916, 2473, 1835, -1655, 3555, -1557, -2474, 2326, 1540, 2310, -3032, -3245, -3146, -5112, 3457, 5767, 2228, 720, -1115, -50, -1786, -3621, -426, 2981, 802, -148, 1736, -1623, -5047, -2917, 3440, 1507, 2031, 5603, 1753, 49, -869, -1377, 360, 983, -5211, -1278, 1998, -1360, 65, -2884, -4752, -1475, 2228, 2686, 5390, 4046, 3145, 262, -361, -377, -3343, -3097, 3178, -2032, -4572, -1868, -1917, -4932, 2998, 6963, -50, 1802, 6963, 6094, 32, -2016, -2065, -5915, -6472, -5374, -7980, -885, 3047, 3129, 5160, 11501, 12222, 7438, -656, -8242, -10748, -11404, -8045, -5538, 475, 8290, 8372, 10518, 7077, 2310, -902, -5686, -10273, -9356, -6063, -2376, 3014, 3063, 6340, 6946, 4603, 2768, 3522, 4210, -2933, -6980, -9225, -3113, -361, -951, 704, 1114, 1048, -148, 1376, 1916, -2769, 1916, -558, 180, 393, 884, 1310, 2899, 3784, 589, 770, -1475, -3081, -3458, -2769, -2999, 819, 2670, -2524, -2376, -2507, -2982, 2736, 

Pulse 18 
0, -361, -377, -263, 65, 98, 360, 212, 262, 180, 81, -148, 32, 131, -295, -312, -263, -33, 49, 425, -82, 32, 65, 131, -246, -279, -459, -279, -263, 49, -115, 294, 294, 557, 262, 409, 311, 327, -66, 327, 0, 147, 65, 327, 262, 376, 278, 212, 163, -115, 294, 262, 294, 294, 262, 294, 409, 32, 393, 344, 180, 344, 229, 327, 376, 458, 376, 376, 458, 114, 458, 360, 655, 458, 442, 147, 131, -213, 163, 163, 180, 524, 262, 360, 262, 393, 360, 65, 311, 180, 196, 327, 638, 655, 262, 180, -99, -541, -426, -426, -377, 65, 81, -181, -66, 131, 0, -164, -492, -754, -885, -787, -771, -836, -902, -263, -246, 458, 344, 475, 49, 131, -33, 114, 131, -66, -99, 49, -213, -115, 49, 32, 32, -17, 65, -263, -426, -328, -132, -328, -279, -17, -66, -99, 32, -164, -197, 278, 344, 196, 16, 147, 163, 278, 196, -148, -263, -213, -345, -312, -246, -312, -132, 262, 212, 557, 229, 262, 147, 49, 212, 212, 262, 458, 344, 278, 245, 147, -132, -33, -230, 196, 32, -132, 147, 311, 98, 114, 278, 131, 0, 49, 16, -132, 65, 16, 65, -17, 0, 180, 147, 
0, -328, 0, -246, -33, 507, 294, 16, 278, -230, -492, 81, -361, -377, -426, -803, -476, 65, 16, -295, -426, -181, -33, 540, 65, 16, 262, 32, 114, 311, 81, 393, 212, 409, 163, 491, 311, 294, -476, 180, -328, -443, -525, -361, -492, -33, -394, -574, -279, -443, 147, 131, 327, 344, 147, 163, 573, 196, 557, 393, 245, 802, 835, 573, 540, 933, 344, 737, 950, 196, 540, 114, -50, -82, -197, -525, -672, -1082, -803, -328, -934, -279, 98, -33, -181, 376, 376, 606, 409, 327, 163, -181, -115, -328, -361, 294, 81, -82, 409, 917, 1130, 1261, 638, 180, -213, -361, -689, -541, -1000, -1164, -984, -345, 81, 98, -164, 180, 212, 442, 311, 851, 704, 212, -82, -115, 0, -181, 229, 196, -426, -492, -17, -115, -181, -361, -508, -394, -476, -476, -410, -885, -394, -82, -213, 114, 196, 409, 311, 196, 344, -99, -230, 0, -164, -115, -394, -639, -689, -623, -459, -230, -328, -525, -377, -99, 147, 245, 212, 344, 344, -17, 196, 524, 622, 655, 983, 770, 507, 524, 98, -50, -459, 0, -246, -639, -230, -279, -82, 245, 704, 770, 917, 851, 737, 163, 294, 49, 131, 65, -181, -132, -230, 

Pulse 19 
0, 81, -99, -66, 163, 131, 262, 131, 131, 98, 81, -50, 245, 196, 0, 212, 180, 344, 294, 606, 229, 344, 212, 376, 98, 311, 425, 458, 278, 376, 262, 475, 376, 557, 180, 573, 507, 589, 376, 704, 442, 638, 458, 704, 737, 753, 868, 737, 737, 475, 786, 737, 851, 868, 786, 737, 901, 622, 966, 868, 770, 950, 851, 933, 835, 901, 802, 835, 1015, 638, 1114, 901, 1179, 1081, 1228, 1015, 1179, 950, 1245, 1179, 1114, 1359, 1277, 1228, 1212, 1343, 1277, 1212, 1392, 1343, 1376, 1327, 1458, 1425, 1081, 1294, 1392, 1310, 1474, 1474, 1458, 1622, 1589, 1310, 1605, 1605, 1572, 1572, 1441, 1458, 1523, 1703, 1507, 1556, 1392, 1671, 1474, 1982, 1605, 1835, 1622, 1884, 1523, 1835, 1867, 1802, 1900, 1851, 1654, 1769, 1982, 1982, 1835, 1835, 1966, 1900, 1966, 1900, 2048, 1998, 1933, 2097, 1900, 1998, 2162, 2064, 1949, 2211, 2228, 2195, 1916, 1998, 2195, 2162, 2277, 2113, 2129, 2195, 2162, 2392, 2228, 2146, 2195, 2326, 2293, 2621, 2310, 2424, 2342, 2277, 2392, 2375, 2506, 2523, 2506, 2572, 2637, 2621, 2408, 2605, 2326, 2801, 2588, 2375, 2555, 2768, 2539, 2539, 2703, 2621, 2637, 2686, 2736, 2588, 2703, 2686, 2785, 2686, 2654, 2719, 2686, 
0, 65, -115, -99, 114, 81, 180, 49, 32, -17, -50, -181, 81, 32, -164, 32, -17, 131, 65, 360, -33, 81, -66, 81, -213, 0, 98, 114, -82, 0, -115, 81, -17, 131, -246, 114, 49, 114, -99, 212, -66, 114, -66, 163, 180, 180, 278, 147, 131, -148, 147, 98, 180, 180, 98, 32, 180, -115, 229, 114, 16, 180, 65, 114, 16, 81, -50, -17, 147, -230, 212, -17, 262, 147, 278, 49, 196, -33, 245, 163, 98, 327, 229, 163, 131, 262, 180, 98, 262, 212, 229, 163, 278, 245, -132, 81, 163, 81, 229, 212, 163, 327, 278, -17, 278, 262, 212, 212, 65, 65, 114, 294, 81, 114, -66, 196, -17, 491, 81, 311, 81, 327, -33, 262, 278, 212, 278, 229, 16, 114, 311, 311, 147, 131, 245, 180, 229, 147, 278, 229, 147, 294, 81, 163, 327, 196, 81, 327, 327, 294, 0, 65, 262, 212, 311, 114, 131, 180, 147, 360, 196, 81, 131, 245, 196, 507, 196, 294, 196, 114, 212, 180, 311, 311, 278, 344, 376, 360, 131, 311, 32, 475, 262, 32, 196, 409, 163, 147, 294, 212, 212, 245, 278, 114, 229, 196, 278, 180, 131, 180, 131, 

Pulse 20 
0, 311, 540, 950, 1572, 1949, 2473, 2736, 3145, 3506, 3866, 4145, 4816, 5177, 5373, 5980, 6340, 6897, 7241, 7946, 7962, 8486, 8749, 9306, 9420, 10043, 10534, 10960, 11190, 11681, 11960, 12566, 12877, 13434, 13467, 14237, 14581, 15056, 15237, 15974, 16105, 16678, 16908, 17547, 17973, 18382, 18890, 19169, 19562, 19693, 20398, 20742, 21250, 21659, 21987, 22315, 22872, 22986, 23740, 24018, 24330, 24903, 25198, 25673, 25968, 26443, 26738, 27164, 27738, 27754, 28622, 28803, 29491, 29769, 30310, 30490, 31064, 31227, 31916, 32243, 32587, 32744, 32744, 32744, 32744, 32744, 32744, 32744, 32744, 32744, 32744, 32744, 32744, 32744, 32744, 32744, 32744, 32744, 32744, 32744, 32744, 32744, 32744, 32744, 32744, 32744, 32744, 32744, 32744, 32744, 32744, 32744, 32744, 32744, 32744, 32744, 32744, 32744, 32744, 32744, 32744, 32744, 32744, 32744, 32744, 32744, 32744, 32744, 32744, 32744, 32744, 32744, 32744, 32744, 32744, 32744, 32744, 32744, 32744, 32744, 32744, 32744, 32744, 32744, 32744, 32744, 32744, 32744, 32744, 32744, 32744, 32744, 32744, 32744, 32744, 32744, 32744, 32744, 32744, 32744, 32744, 32744, 32744, 32744, 32744, 32744, 32744, 32744, 32744, 32744, 32744, 32744, 32744, 32744, 32744, 32744, 32744, 32744, 32744, 32744, 32744, 32744, 32744, 32744, 32744, 32744, 32744, 32744, 32744, 32744, 32744, 32744, 32744, 32744, 32744, 32744, 32744, 32744, 32744, 32744, 32744, 
0, 98, -50, 0, 262, 262, 409, 311, 344, 327, 327, 229, 540, 524, 360, 606, 589, 786, 753, 1097, 737, 901, 786, 983, 720, 966, 1097, 1163, 1015, 1130, 1048, 1294, 1228, 1425, 1081, 1490, 1458, 1556, 1376, 1736, 1507, 1720, 1572, 1835, 1900, 1933, 2080, 1982, 2015, 1769, 2113, 2097, 2228, 2260, 2228, 2195, 2375, 2129, 2506, 2424, 2359, 2572, 2506, 2605, 2523, 2621, 2555, 2621, 2818, 2473, 2965, 2785, 3096, 3014, 3194, 2998, 3194, 2998, 3309, 3276, 3244, 3506, 3457, 3424, 3440, 3604, 3571, 3522, 3719, 3719, 3768, 3751, 3899, 3899, 3571, 3817, 3948, 3899, 4079, 4112, 4112, 4308, 4292, 4046, 4374, 4407, 4390, 4423, 4308, 4358, 4456, 4669, 4489, 4571, 4423, 4718, 4554, 5095, 4734, 4997, 4816, 5095, 4767, 5111, 5177, 5128, 5242, 5226, 5062, 5210, 5439, 5472, 5341, 5373, 5537, 5505, 5586, 5554, 5718, 5701, 5668, 5849, 5685, 5799, 5996, 5914, 5832, 6127, 6160, 6160, 5914, 6012, 6242, 6242, 6389, 6242, 6275, 6373, 6373, 6635, 6504, 6422, 6520, 6668, 6668, 7012, 6733, 6881, 6815, 6782, 6914, 6930, 7094, 7127, 7143, 7241, 7323, 7340, 7159, 7372, 7127, 7618, 7438, 7258, 7454, 7700, 7503, 7536, 7716, 7667, 7716, 7782, 7847, 7733, 7880, 7897, 8011, 7946, 7929, 8028, 8011, 

