0  0
0.0001	0.04637973
0.0002	0.052255321
0.0003	0.053478487
0.0004	0.054789685
0.0005	0.052888911
0.0006	0.044176113
0.0007	0.036685858
0.0008	0.039897826
0.0009	0.043722928
0.001	0.040210903
0.0011	0.042993866
0.0012	0.054673754
0.0013	0.059486747
0.0014	0.057640843
0.0015	0.0603894
0.0016	0.065887131
0.0017	0.058441199
0.0018	0.05178199
0.0019	0.061912
0.002	0.068911873
0.0021	0.056322515
0.0022	0.048985697
0.0023	0.05792354
0.0024	0.066966772
0.0025	0.057862166
0.0026	0.050838422
0.0027	0.057330865
0.0028	0.061860852
0.0029	0.056026179
0.003	0.052330337
0.0031	0.057204705
0.0032	0.058226697
0.0033	0.051032778
0.0034	0.046376321
0.0035	0.048092969
0.0036	0.051417459
0.0037	0.052119244
0.0038	0.046124309
0.0039	0.042264801
0.004	0.041573554
0.0041	0.039025553
0.0042	0.037411198
0.0043	0.036787838
0.0044	0.038181178
0.0045	0.037693899
0.0046	0.032982886
0.0047	0.025002247
0.0048	0.024664994
0.0049	0.027880684
0.005	0.029283943
0.0051	0.027485464
0.0052	0.033395153
0.0053	0.03945487
0.0054	0.038150184
0.0055	0.039022453
0.0056	0.046778049
0.0057	0.053362556
0.0058	0.048130475
0.0059	0.040664088
0.006	0.050051395
0.0061	0.057589386
0.0062	0.047044009
0.0063	0.037608653
0.0064	0.05306622
0.0065	0.066193692
0.0066	0.05690496
0.0067	0.043184809
0.0068	0.052218124
0.0069	0.070162006
0.007	0.064449772
0.0071	0.051097251
0.0072	0.053352017
0.0073	0.068819813
0.0074	0.066234611
0.0075	0.055828724
0.0076	0.056560885
0.0077	0.061176427
0.0078	0.05843097
0.0079	0.053440671
0.008	0.056652639
0.0081	0.056264549
0.0082	0.047888692
0.0083	0.04446191
0.0084	0.054479711
0.0085	0.060672406
0.0086	0.054874618
0.0087	0.049690582
0.0088	0.053887036
0.0089	0.053842708
0.009	0.050433286
0.0091	0.048164573
0.0092	0.04561998
0.0093	0.044216719
0.0094	0.040245
0.0095	0.035551343
0.0096	0.033896074
0.0097	0.033105634
0.0098	0.032199886
0.0099	0.031263139
0.01	0.03397109
0.0101	0.030496569
0.0102	0.026000369
0.0103	0.030374128
0.0104	0.040960424
0.0105	0.043988578
0.0106	0.042793002
0.0107	0.041491721
0.0108	0.04652635
0.0109	0.051158629
0.011	0.048668902
0.0111	0.047939841
0.0112	0.054810144
0.0113	0.053365655
0.0114	0.048965238
0.0115	0.048811801
0.0116	0.058032341
0.0117	0.063162133
0.0118	0.056881092
0.0119	0.051883973
0.012	0.061445486
0.0121	0.064313382
0.0122	0.053481586
0.0123	0.050525036
0.0124	0.065685958
0.0125	0.068772078
0.0126	0.048798162
0.0127	0.038991455
0.0128	0.05665946
0.0129	0.063305341
0.013	0.042997584
0.0131	0.032935459
0.0132	0.051213183
0.0133	0.063209869
0.0134	0.046788588
0.0135	0.033991545
0.0136	0.050320763
0.0137	0.061285228
0.0138	0.045153465
0.0139	0.034277346
0.014	0.052664179
0.0141	0.064940155
0.0142	0.046580903
0.0143	0.02855519
0.0144	0.042724807
0.0145	0.05894522
0.0146	0.041784957
0.0147	0.019637495
0.0148	0.032959327
0.0149	0.048532512
0.015	0.033333778
0.0151	0.014126436
0.0152	0.027049327
0.0153	0.048692461
0.0154	0.035571802
0.0155	0.016136009
0.0156	0.02983911
0.0157	0.051710386
0.0158	0.040633399
0.0159	0.019235456
0.016	0.030271836
0.0161	0.055392589
0.0162	0.050841834
0.0163	0.033473577
0.0164	0.038906522
0.0165	0.062099535
0.0166	0.06956251
0.0167	0.060362428
0.0168	0.063608497
0.0169	0.068503015
0.017	0.063414142
0.0171	0.060038816
0.0172	0.069405667
0.0173	0.071745984
0.0174	0.058454838
0.0175	0.057449896
0.0176	0.067283571
0.0177	0.067835331
0.0178	0.054827191
0.0179	0.051659551
0.018	0.056857225
0.0181	0.051724024
0.0182	0.045027304
0.0183	0.047190316
0.0184	0.052259043
0.0185	0.044877589
0.0186	0.036453996
0.0187	0.043504704
0.0188	0.053975686
0.0189	0.047817089
0.019	0.03371536
0.0191	0.039506018
0.0192	0.055954576
0.0193	0.053597517
0.0194	0.037748452
0.0195	0.03792204
0.0196	0.051502701
0.0197	0.049976692
0.0198	0.030070972
0.0199	0.029294172
0.02	0.04959511
0.0201	0.05191125
0.0202	0.029420024
0.0203	0.027073506
0.0204	0.047565077
0.0205	0.046938308
0.0206	0.027018949
0.0207	0.032448485
0.0208	0.056019358
0.0209	0.049435161
0.021	0.022583816
0.0211	0.026269428
0.0212	0.052391712
0.0213	0.051206365
0.0214	0.030050514
0.0215	0.033793781
0.0216	0.061326146
0.0217	0.062589914
0.0218	0.041914217
0.0219	0.04217305
0.022	0.061939277
0.0221	0.063287981
0.0222	0.047415361
0.0223	0.049207021
0.0224	0.069282912
0.0225	0.072192036
0.0226	0.051427688
0.0227	0.041733503
0.0228	0.057586286
0.0229	0.063782081
0.023	0.045678254
0.0231	0.034641877
0.0232	0.046703346
0.0233	0.056785621
0.0234	0.045708634
0.0235	0.029195601
0.0236	0.037543871
0.0237	0.057289951
0.0238	0.058669344
0.0239	0.041348822
0.024	0.039618228
0.0241	0.05549147
0.0242	0.056209993
0.0243	0.039795533
0.0244	0.039424185
0.0245	0.056772292
0.0246	0.052459907
0.0247	0.027625263
0.0248	0.02573131
0.0249	0.050490938
0.025	0.049353328
0.0251	0.023912372
0.0252	0.020059993
0.0253	0.044652857
0.0254	0.047888692
0.0255	0.02894328
0.0256	0.031640999
0.0257	0.052057866
0.0258	0.053999245
0.0259	0.033957448
0.026	0.028994426
0.0261	0.044172391
0.0262	0.04740854
0.0263	0.039420772
0.0264	0.043256104
0.0265	0.054074261
0.0266	0.050991859
0.0267	0.045146648
0.0268	0.053420212
0.0269	0.064633586
0.027	0.062729403
0.0271	0.058822472
0.0272	0.066748865
0.0273	0.069831572
0.0274	0.061666809
0.0275	0.059950162
0.0276	0.065413795
0.0277	0.063747987
0.0278	0.056329336
0.0279	0.059691023
0.028	0.065481678
0.0281	0.056063686
0.0282	0.048110016
0.0283	0.055675287
0.0284	0.062198106
0.0285	0.048314288
0.0286	0.043794222
0.0287	0.055699155
0.0288	0.056707196
0.0289	0.041134011
0.029	0.03574229
0.0291	0.050116491
0.0292	0.053100318
0.0293	0.039863728
0.0294	0.029849339
0.0295	0.039853498
0.0296	0.048825439
0.0297	0.035575215
0.0298	0.021156687
0.0299	0.024256445
0.03	0.037993643
0.0301	0.038269524
0.0302	0.025390647
0.0303	0.026024237
0.0304	0.042074475
0.0305	0.048798162
0.0306	0.039819401
0.0307	0.038974717
0.0308	0.055348262
0.0309	0.05418678
0.031	0.039553754
0.0311	0.045889039
0.0312	0.069708824
0.0313	0.067126721
0.0314	0.040146425
0.0315	0.042398091
0.0316	0.072076105
0.0317	0.07088735
0.0318	0.040766377
0.0319	0.037540771
0.032	0.067253195
0.0321	0.071388267
0.0322	0.047946658
0.0323	0.044359617
0.0324	0.064923108
0.0325	0.063771851
0.0326	0.041641749
0.0327	0.041805107
0.0328	0.06214045
0.0329	0.059435602
0.033	0.037945908
0.0331	0.040456403
0.0332	0.060144208
0.0333	0.05806303
0.0334	0.038637463
0.0335	0.042442106
0.0336	0.060815305
0.0337	0.059136167
0.0338	0.045425937
0.0339	0.050245751
0.034	0.063921571
0.0341	0.057150152
0.0342	0.044220127
0.0343	0.050555725
0.0344	0.061925638
0.0345	0.05342393
0.0346	0.038763314
0.0347	0.041961644
0.0348	0.047830727
0.0349	0.04137579
0.035	0.030847462
0.0351	0.033861976
0.0352	0.039301433
0.0353	0.036062185
0.0354	0.035432313
0.0355	0.039260514
0.0356	0.037073947
0.0357	0.03164782
0.0358	0.036072724
0.0359	0.047456276
0.036	0.044748329
0.0361	0.035037097
0.0362	0.040057775
0.0363	0.055218693
0.0364	0.051090434
0.0365	0.041399971
0.0366	0.049353328
0.0367	0.0687076
0.0368	0.063495979
0.0369	0.045477081
0.037	0.05268123
0.0371	0.069099098
0.0372	0.062644474
0.0373	0.051008601
0.0374	0.060788028
0.0375	0.071636871
0.0376	0.055797726
0.0377	0.039672785
0.0378	0.050399188
0.0379	0.062423151
0.038	0.04805205
0.0381	0.038909934
0.0382	0.052193947
0.0383	0.057749644
0.0384	0.042803228
0.0385	0.03640626
0.0386	0.052286319
0.0387	0.058379825
0.0388	0.047394902
0.0389	0.040190443
0.039	0.049598519
0.0391	0.054142457
0.0392	0.044233769
0.0393	0.03650514
0.0394	0.039063372
0.0395	0.043412954
0.0396	0.041106731
0.0397	0.031003999
0.0398	0.022529259
0.0399	0.027822718
0.04	0.032761563
0.0401	0.027700277
0.0402	0.018734846
0.0403	0.016823845
0.0404	0.018632865
0.0405	0.012862664
0.0406	0.003498914
0.0407	0.004619477
0.0408	0.016977282
0.0409	0.024603618
0.041	0.026037877
0.0411	0.036828756
0.0412	0.053996146
0.0413	0.059950162
0.0414	0.05624409
0.0415	0.062095813
0.0416	0.077543147
0.0417	0.085850812
0.0418	0.08298292
0.0419	0.080550849
0.042	0.077481776
0.0421	0.065658674
0.0422	0.055167854
0.0423	0.051042698
0.0424	0.052684639
0.0425	0.054557823
0.0426	0.053720269
0.0427	0.056996714
0.0428	0.061224163
0.0429	0.062208336
0.043	0.064466514
0.0431	0.067995586
0.0432	0.07899756
0.0433	0.087550409
0.0434	0.078098319
0.0435	0.065090179
0.0436	0.06381277
0.0437	0.06926246
0.0438	0.056727655
0.0439	0.036362242
0.044	0.040391617
0.0441	0.053427029
0.0442	0.041495442
0.0443	0.015812393
0.0444	0.015979471
0.0445	0.031385578
0.0446	0.030561354
0.0447	0.014279564
0.0448	0.016101912
0.0449	0.036157656
0.045	0.036372162
0.0451	0.02150758
0.0452	0.019286914
0.0453	0.030574992
0.0454	0.03392335
0.0455	0.02920242
0.0456	0.031981662
0.0457	0.038926981
0.0458	0.044083741
0.0459	0.045551784
0.046	0.045139827
0.0461	0.041539457
0.0462	0.045954134
0.0463	0.056884501
0.0464	0.058182061
0.0465	0.050378729
0.0466	0.053842708
0.0467	0.065457813
0.0468	0.0599638
0.0469	0.047347166
0.047	0.053488407
0.0471	0.065481678
0.0472	0.05601595
0.0473	0.046601053
0.0474	0.05562073
0.0475	0.057770103
0.0476	0.041420426
0.0477	0.033442888
0.0478	0.046158098
0.0479	0.050950944
0.048	0.043576621
0.0481	0.041794877
0.0482	0.052023772
0.0483	0.05986492
0.0484	0.058826189
0.0485	0.057214934
0.0486	0.063795723
0.0487	0.068922102
0.0488	0.070124187
0.0489	0.067726217
0.049	0.061649758
0.0491	0.061135508
0.0492	0.060232859
0.0493	0.048736788
0.0494	0.031940747
0.0495	0.033371594
0.0496	0.040228259
0.0497	0.027989794
0.0498	0.012549278
0.0499	0.020986201
0.05	0.032196168
0.0501	0.022941528
0.0502	0.019347979
0.0503	0.039376445
0.0504	0.055375539
0.0505	0.048382483
0.0506	0.039706882
0.0507	0.050579593
0.0508	0.064109109
0.0509	0.058131225
0.051	0.048927423
0.0511	0.053692989
0.0512	0.069041133
0.0513	0.067995586
0.0514	0.055515029
0.0515	0.054367498
0.0516	0.070775136
0.0517	0.074007563
0.0518	0.057371784
0.0519	0.049639437
0.052	0.065175116
0.0521	0.0682135
0.0522	0.047340345
0.0523	0.040919505
0.0524	0.06188472
0.0525	0.059752397
0.0526	0.034556944
0.0527	0.029382827
0.0528	0.047486655
0.0529	0.048648443
0.053	0.026300116
0.0531	0.02933168
0.0532	0.051894512
0.0533	0.049074039
0.0534	0.027989794
0.0535	0.041590605
0.0536	0.066898577
0.0537	0.060501918
0.0538	0.045582782
0.0539	0.057426028
0.054	0.064756028
0.0541	0.04727897
0.0542	0.034502387
0.0543	0.041113552
0.0544	0.034819182
0.0545	0.016857943
0.0546	0.013921851
0.0547	0.029106947
0.0548	0.025779046
0.0549	0.013846837
0.055	0.018366905
0.0551	0.02138173
0.0552	0.002988074
0.0553	-0.009499302
0.0554	0.008901173
0.0555	0.030629549
0.0556	0.027478645
0.0557	0.029249847
0.0558	0.048515465
0.0559	0.054391056
0.056	0.042125311
0.0561	0.042558037
0.0562	0.057630304
0.0563	0.057279412
0.0564	0.041811928
0.0565	0.045109138
0.0566	0.065291047
0.0567	0.070502363
0.0568	0.062147271
0.0569	0.072219007
0.057	0.094363056
0.0571	0.097336657
0.0572	0.086249441
0.0573	0.084032185
0.0574	0.092452057
0.0575	0.086266488
0.0576	0.070791878
0.0577	0.069221541
0.0578	0.07571739
0.0579	0.067181282
0.058	0.047714796
0.0581	0.043276563
0.0582	0.049462441
0.0583	0.0448469
0.0584	0.030258197
0.0585	0.014957481
0.0586	0.002170668
0.0587	-0.002761668
0.0588	0.001066844
0.0589	0.00444248
0.059	0.008574149
0.0591	0.014436412
0.0592	0.011013038
0.0593	0.000947503
0.0594	-0.000816879
0.0595	0.006537297
0.0596	0.006435315
0.0597	-0.003422536
0.0598	-0.003947015
0.0599	0.008740915
0.06	0.015202671
0.0601	0.018029651
0.0602	0.032015759
0.0603	0.049223758
0.0604	0.044799164
0.0605	0.025639247
0.0606	0.014027554
0.0607	0.002177487
0.0608	-0.013807966
0.0609	-0.017415155
0.061	-0.009001791
0.0611	-0.004069766
0.0612	-0.00991467
0.0613	-0.012809844
0.0614	-0.002319022
0.0615	0.002994893
0.0616	0.0048377
0.0617	0.001298396
0.0618	-0.001814692
0.0619	-0.001269754
0.062	0.006189814
0.0621	0.008482396
0.0622	0.001033056
0.0623	0.003137792
0.0624	0.02008355
0.0625	0.025067033
0.0626	0.009898985
0.0627	-0.010923021
0.0628	-0.027810814
0.0629	-0.042795047
0.063	-0.041030664
0.0631	-0.013184605
0.0632	0.012583376
0.0633	0.007174298
0.0634	-0.014513161
0.0635	-0.023342203
0.0636	-0.028805528
0.0637	-0.038591772
0.0638	-0.040338799
0.0639	-0.038114723
0.064	-0.051668104
0.0641	-0.060490325
0.0642	-0.045427982
0.0643	-0.037205253
0.0644	-0.063344583
0.0645	-0.077538379
0.0646	-0.047021877
0.0647	-0.034354404
0.0648	-0.074152201
0.0649	-0.097045779
0.065	-0.073215768
0.0651	-0.053742461
0.0652	-0.059699889
0.0653	-0.044450317
0.0654	-0.021022344
0.0655	-0.026608728
0.0656	-0.029231124
0.0657	-0.002904877
0.0658	-0.003221672
0.0659	-0.064512886
0.066	-0.109583676
0.0661	-0.095414065
0.0662	-0.097406588
0.0663	-0.137092173
0.0664	-0.140839159
0.0665	-0.097256556
0.0666	-0.093955934
0.0667	-0.135280058
0.0668	-0.130167618
0.0669	-0.080249429
0.067	-0.074176379
0.0671	-0.12061324
0.0672	-0.128634796
0.0673	-0.079929531
0.0674	-0.054076307
0.0675	-0.075545542
0.0676	-0.083614834
0.0677	-0.074993789
0.0678	-0.098779164
0.0679	-0.152604297
0.068	-0.168596253
0.0681	-0.139391571
0.0682	-0.129857644
0.0683	-0.160820201
0.0684	-0.183835909
0.0685	-0.172949553
0.0686	-0.156494185
0.0687	-0.157270983
0.0688	-0.154951125
0.0689	-0.136159152
0.069	-0.129097894
0.0691	-0.138437778
0.0692	-0.143390268
0.0693	-0.142368585
0.0694	-0.165397927
0.0695	-0.1884716
0.0696	-0.178375691
0.0697	-0.160687223
0.0698	-0.183961764
0.0699	-0.232871607
0.07	-0.248526618
0.0701	-0.223072022
0.0702	-0.209072277
0.0703	-0.230044618
0.0704	-0.247671708
0.0705	-0.229492873
0.0706	-0.196595445
0.0707	-0.192133337
0.0708	-0.220176861
0.0709	-0.23628816
0.071	-0.231131092
0.0711	-0.241840139
0.0712	-0.265520126
0.0713	-0.249684691
0.0714	-0.203115165
0.0715	-0.192967802
0.0716	-0.223194778
0.0717	-0.231079951
0.0718	-0.210956007
0.0719	-0.214525685
0.072	-0.242105782
0.0721	-0.239953309
0.0722	-0.209004089
0.0723	-0.207624689
0.0724	-0.230487272
0.0725	-0.214086443
0.0726	-0.170507252
0.0727	-0.170810416
0.0728	-0.206170291
0.0729	-0.207355633
0.073	-0.191155672
0.0731	-0.223657876
0.0732	-0.275581926
0.0733	-0.280340672
0.0734	-0.252181232
0.0735	-0.267410338
0.0736	-0.304773301
0.0737	-0.289298981
0.0738	-0.234414667
0.0739	-0.233736753
0.074	-0.279764742
0.0741	-0.287197351
0.0742	-0.257209033
0.0743	-0.265196502
0.0744	-0.294551224
0.0745	-0.269059122
0.0746	-0.218129471
0.0747	-0.236345813
0.0748	-0.298594534
0.0749	-0.290283471
0.075	-0.230303138
0.0751	-0.242630258
0.0752	-0.305968851
0.0753	-0.313104808
0.0754	-0.285218477
0.0755	-0.315305352
0.0756	-0.357879579
0.0757	-0.322502673
0.0758	-0.251949996
0.0759	-0.244047478
0.076	-0.281634837
0.0761	-0.280524492
0.0762	-0.255130976
0.0763	-0.265482605
0.0764	-0.293413609
0.0765	-0.279301643
0.0766	-0.256646752
0.0767	-0.283150613
0.0768	-0.326225787
0.0769	-0.31356141
0.077	-0.263380975
0.0771	-0.26170525
0.0772	-0.311394989
0.0773	-0.334614962
0.0774	-0.307229221
0.0775	-0.279417574
0.0776	-0.277908623
0.0777	-0.261732221
0.0778	-0.247088954
0.0779	-0.272754967
0.078	-0.300849319
0.0781	-0.260550588
0.0782	-0.206514359
0.0783	-0.225173667
0.0784	-0.271923602
0.0785	-0.266971111
0.0786	-0.258363694
0.0787	-0.311994493
0.0788	-0.349221021
0.0789	-0.29801178
0.079	-0.254984647
0.0791	-0.30808413
0.0792	-0.366602629
0.0793	-0.332636088
0.0794	-0.268200785
0.0795	-0.271218717
0.0796	-0.317424029
0.0797	-0.321903169
0.0798	-0.305151463
0.0799	-0.329499125
0.08	-0.338671923
0.0801	-0.280725688
0.0802	-0.232657105
0.0803	-0.280728787
0.0804	-0.339901596
0.0805	-0.29689154
0.0806	-0.226532593
0.0807	-0.256210923
0.0808	-0.325649858
0.0809	-0.317900777
0.081	-0.28379783
0.0811	-0.318742335
0.0812	-0.343188584
0.0813	-0.280361146
0.0814	-0.238781601
0.0815	-0.303489059
0.0816	-0.352167368
0.0817	-0.310485512
0.0818	-0.288801789
0.0819	-0.333981395
0.082	-0.341679633
0.0821	-0.279424399
0.0822	-0.256963551
0.0823	-0.288246304
0.0824	-0.276832372
0.0825	-0.23412855
0.0826	-0.247218519
0.0827	-0.30556342
0.0828	-0.325166285
0.0829	-0.319951266
0.083	-0.34224844
0.0831	-0.345600218
0.0832	-0.290726125
0.0833	-0.247457206
0.0834	-0.270946234
0.0835	-0.30059728
0.0836	-0.281747341
0.0837	-0.256098717
0.0838	-0.27700907
0.0839	-0.307355076
0.084	-0.299708277
0.0841	-0.283126742
0.0842	-0.30061093
0.0843	-0.3111839
0.0844	-0.265206724
0.0845	-0.226103589
0.0846	-0.26345259
0.0847	-0.319777668
0.0848	-0.31425637
0.0849	-0.275568306
0.085	-0.266180992
0.0851	-0.284816116
0.0852	-0.303169161
0.0853	-0.318745434
0.0854	-0.335619926
0.0855	-0.320571214
0.0856	-0.273006976
0.0857	-0.252692401
0.0858	-0.292153239
0.0859	-0.32194379
0.086	-0.290136844
0.0861	-0.250079602
0.0862	-0.260097414
0.0863	-0.290514708
0.0864	-0.288971961
0.0865	-0.284690261
0.0866	-0.312828928
0.0867	-0.338075846
0.0868	-0.303945661
0.0869	-0.262369514
0.087	-0.285551995
0.0871	-0.320595086
0.0872	-0.293410182
0.0873	-0.242048129
0.0874	-0.242388487
0.0875	-0.260911405
0.0876	-0.235174105
0.0877	-0.191946119
0.0878	-0.189445853
0.0879	-0.217168853
0.088	-0.229870722
0.0881	-0.240460441
0.0882	-0.265986949
0.0883	-0.283549249
0.0884	-0.278848469
0.0885	-0.296887815
0.0886	-0.331743658
0.0887	-0.342088491
0.0888	-0.330340415
0.0889	-0.33063674
0.089	-0.324488372
0.0891	-0.27590245
0.0892	-0.222727954
0.0893	-0.21824199
0.0894	-0.240314126
0.0895	-0.238917679
0.0896	-0.220541075
0.0897	-0.230436131
0.0898	-0.266518235
0.0899	-0.284305274
0.09	-0.273412108
0.0901	-0.280153155
0.0902	-0.31117335
0.0903	-0.326361865
0.0904	-0.315482646
0.0905	-0.319426775
0.0906	-0.333068818
0.0907	-0.318265289
0.0908	-0.286195815
0.0909	-0.279345959
0.091	-0.294104844
0.0911	-0.281941384
0.0912	-0.246482641
0.0913	-0.245845959
0.0914	-0.266899526
0.0915	-0.252866298
0.0916	-0.216719389
0.0917	-0.225071371
0.0918	-0.264552981
0.0919	-0.278157204
0.092	-0.279219806
0.0921	-0.297667712
0.0922	-0.299098551
0.0923	-0.256939977
0.0924	-0.239306077
0.0925	-0.279438049
0.0926	-0.291073292
0.0927	-0.233695835
0.0928	-0.204763621
0.0929	-0.264675438
0.093	-0.315203041
0.0931	-0.285214752
0.0932	-0.24361816
0.0933	-0.249984443
0.0934	-0.258384168
0.0935	-0.230749518
0.0936	-0.217754707
0.0937	-0.267369747
0.0938	-0.332649738
0.0939	-0.338699222
0.094	-0.298172057
0.0941	-0.289659798
0.0942	-0.32790494
0.0943	-0.346659392
0.0944	-0.318623006
0.0945	-0.286498964
0.0946	-0.274464786
0.0947	-0.247525096
0.0948	-0.203925446
0.0949	-0.21388869
0.095	-0.273020595
0.0951	-0.283831954
0.0952	-0.228092715
0.0953	-0.212458149
0.0954	-0.277877927
0.0955	-0.325551271
0.0956	-0.300443858
0.0957	-0.263527602
0.0958	-0.272298664
0.0959	-0.303533375
0.096	-0.308394104
0.0961	-0.297582775
0.0962	-0.289983422
0.0963	-0.282823592
0.0964	-0.271045119
0.0965	-0.259607017
0.0966	-0.247627079
0.0967	-0.233239546
0.0968	-0.224175543
0.0969	-0.233801529
0.097	-0.263902038
0.0971	-0.289281636
0.0972	-0.279311866
0.0973	-0.261912942
0.0974	-0.280548364
0.0975	-0.303128242
0.0976	-0.276018083
0.0977	-0.233709469
0.0978	-0.239231065
0.0979	-0.270231128
0.098	-0.264747053
0.0981	-0.222796157
0.0982	-0.211494431
0.0983	-0.242317185
0.0984	-0.25566259
0.0985	-0.234918684
0.0986	-0.236281335
0.0987	-0.273957342
0.0988	-0.300443858
0.0989	-0.298904508
0.099	-0.280112535
0.0991	-0.253612101
0.0992	-0.252637833
0.0993	-0.285323858
0.0994	-0.309684843
0.0995	-0.279155344
0.0996	-0.229976431
0.0997	-0.229959071
0.0998	-0.271263033
0.0999	-0.283617139
0.1	-0.266140074
0.1001	-0.27779609
0.1002	-0.298751086
0.1003	-0.277935892
0.1004	-0.24271892
0.1005	-0.251772702
0.1006	-0.286151499
0.1007	-0.295218915
0.1008	-0.273541659
0.1009	-0.260546863
0.101	-0.273787171
0.1011	-0.292016864
0.1012	-0.284410983
0.1013	-0.257127225
0.1014	-0.26483196
0.1015	-0.321923643
0.1016	-0.336767763
0.1017	-0.278787076
0.1018	-0.25197047
0.1019	-0.324624747
0.102	-0.375179648
0.1021	-0.313448906
0.1022	-0.236325353
0.1023	-0.256262064
0.1024	-0.286856681
0.1025	-0.233529061
0.1026	-0.192535073
0.1027	-0.248952538
0.1028	-0.282966793
0.1029	-0.220806733
0.103	-0.19584623
0.1031	-0.273739427
0.1032	-0.318469584
0.1033	-0.280684769
0.1034	-0.275180221
0.1035	-0.318738639
0.1036	-0.313084662
0.1037	-0.264818341
0.1038	-0.269263387
0.1039	-0.311728835
0.104	-0.282087713
0.1041	-0.199429557
0.1042	-0.183665425
0.1043	-0.243202478
0.1044	-0.260492623
0.1045	-0.228597045
0.1046	-0.2505669
0.1047	-0.320108116
0.1048	-0.336130768
0.1049	-0.297838211
0.105	-0.302991867
0.1051	-0.344550937
0.1052	-0.336761236
0.1053	-0.28436324
0.1054	-0.27568081
0.1055	-0.30908227
0.1056	-0.305962056
0.1057	-0.265819877
0.1058	-0.264140725
0.1059	-0.302784175
0.106	-0.295481145
0.1061	-0.240753666
0.1062	-0.231062889
0.1063	-0.284329444
0.1064	-0.312123746
0.1065	-0.296611935
0.1066	-0.294340134
0.1067	-0.303087324
0.1068	-0.285487533
0.1069	-0.267560393
0.107	-0.30138433
0.1071	-0.328763247
0.1072	-0.286764622
0.1073	-0.240218654
0.1074	-0.268466443
0.1075	-0.302177846
0.1076	-0.268446296
0.1077	-0.238546327
0.1078	-0.277315944
0.1079	-0.312249899
0.108	-0.276549369
0.1081	-0.243751138
0.1082	-0.271055043
0.1083	-0.288811713
0.1084	-0.247004017
0.1085	-0.215656787
0.1086	-0.248870701
0.1087	-0.279441148
0.1088	-0.255069911
0.1089	-0.248625204
0.109	-0.299773067
0.1091	-0.339809537
0.1092	-0.307712793
0.1093	-0.246959701
0.1094	-0.23236759
0.1095	-0.266875952
0.1096	-0.293835789
0.1097	-0.281798184
0.1098	-0.253884554
0.1099	-0.240021199
0.11	-0.253397584
0.1101	-0.280330151
0.1102	-0.300028503
0.1103	-0.303454965
0.1104	-0.290347934
0.1105	-0.285807431
0.1106	-0.317383111
0.1107	-0.351969898
0.1108	-0.339281648
0.1109	-0.30794093
0.111	-0.32208699
0.1111	-0.354854852
0.1112	-0.340620458
0.1113	-0.281113774
0.1114	-0.243662477
0.1115	-0.246622443
0.1116	-0.235750034
0.1117	-0.185835257
0.1118	-0.154085979
0.1119	-0.189125642
0.112	-0.233494967
0.1121	-0.247538731
0.1122	-0.264982015
0.1123	-0.309957623
0.1124	-0.336594164
0.1125	-0.298526347
0.1126	-0.260298252
0.1127	-0.290995181
0.1128	-0.352494389
0.1129	-0.355668843
0.113	-0.308615446
0.1131	-0.279458493
0.1132	-0.285473883
0.1133	-0.278119713
0.1134	-0.231164873
0.1135	-0.188965395
0.1136	-0.196687505
0.1137	-0.242974341
0.1138	-0.289418012
0.1139	-0.302246064
0.114	-0.282012999
0.1141	-0.265942305
0.1142	-0.275139302
0.1143	-0.302579582
0.1144	-0.332584947
0.1145	-0.346717358
0.1146	-0.327431589
0.1147	-0.287439138
0.1148	-0.268047661
0.1149	-0.282966793
0.115	-0.29584226
0.1151	-0.283174485
0.1152	-0.259157568
0.1153	-0.235490903
0.1154	-0.215101317
0.1155	-0.223293349
0.1156	-0.269358873
0.1157	-0.301707625
0.1158	-0.277721375
0.1159	-0.249013603
0.116	-0.266095757
0.1161	-0.293539464
0.1162	-0.267175376
0.1163	-0.23340632
0.1164	-0.259675205
0.1165	-0.310485512
0.1166	-0.305198878
0.1167	-0.25812161
0.1168	-0.243652254
0.1169	-0.257546306
0.117	-0.261919737
0.1171	-0.274556845
0.1172	-0.30038929
0.1173	-0.291737884
0.1174	-0.235266164
0.1175	-0.221610799
0.1176	-0.279713899
0.1177	-0.319212288
0.1178	-0.288249731
0.1179	-0.260782152
0.118	-0.283637583
0.1181	-0.296370149
0.1182	-0.278848469
0.1183	-0.28245905
0.1184	-0.301377505
0.1185	-0.282636374
0.1186	-0.252593517
0.1187	-0.280956924
0.1188	-0.313946396
0.1189	-0.262216091
0.119	-0.196684092
0.1191	-0.234033078
0.1192	-0.293301404
0.1193	-0.25405845
0.1194	-0.196077779
0.1195	-0.246993795
0.1196	-0.337003022
0.1197	-0.34398213
0.1198	-0.309712142
0.1199	-0.328460097
0.12	-0.354810506
0.1201	-0.311067969
0.1202	-0.277816564
0.1203	-0.329481781
0.1204	-0.363441795
0.1205	-0.293284029
0.1206	-0.230565384
0.1207	-0.25701499
0.1208	-0.269764304
0.1209	-0.199558809
0.121	-0.17259866
0.1211	-0.256813824
0.1212	-0.318684071
0.1213	-0.261105746
0.1214	-0.211627096
0.1215	-0.27156961
0.1216	-0.354623288
0.1217	-0.356360406
0.1218	-0.327087522
0.1219	-0.33453995
0.122	-0.323497385
0.1221	-0.262137651
0.1222	-0.236945301
0.1223	-0.266552329
0.1224	-0.255502313
0.1225	-0.191836998
0.1226	-0.184057236
0.1227	-0.267189026
0.1228	-0.324140877
0.1229	-0.290807962
0.123	-0.247109413
0.1231	-0.279580921
0.1232	-0.340299934
0.1233	-0.354040533
0.1234	-0.337721556
0.1235	-0.327475607
0.1236	-0.297592998
0.1237	-0.238794938
0.1238	-0.215401366
0.1239	-0.247307181
0.124	-0.265353352
0.1241	-0.236063123
0.1242	-0.208190084
0.1243	-0.221389487
0.1244	-0.250914365
0.1245	-0.254800856
0.1246	-0.243226662
0.1247	-0.258367121
0.1248	-0.290579796
0.1249	-0.286015093
0.125	-0.254323781
0.1251	-0.261310041
0.1252	-0.311902434
0.1253	-0.326249331
0.1254	-0.301813334
0.1255	-0.291393816
0.1256	-0.276753634
0.1257	-0.2298605
0.1258	-0.218626976
0.1259	-0.294786185
0.126	-0.365594566
0.1261	-0.33553499
0.1262	-0.2674959
0.1263	-0.272124767
0.1264	-0.310519606
0.1265	-0.300079316
0.1266	-0.266770244
0.1267	-0.275800169
0.1268	-0.280715138
0.1269	-0.228365183
0.127	-0.191915125
0.1271	-0.253588229
0.1272	-0.339097828
0.1273	-0.341921419
0.1274	-0.289939404
0.1275	-0.275244683
0.1276	-0.29087925
0.1277	-0.283872873
0.1278	-0.25489974
0.1279	-0.254157037
0.128	-0.265367001
0.1281	-0.246302232
0.1282	-0.208333299
0.1283	-0.198905081
0.1284	-0.225023642
0.1285	-0.264692485
0.1286	-0.299510837
0.1287	-0.311905831
0.1288	-0.292589068
0.1289	-0.272584468
0.129	-0.266027868
0.1291	-0.280078441
0.1292	-0.318994045
0.1293	-0.360880464
0.1294	-0.350470841
0.1295	-0.300365746
0.1296	-0.259313792
0.1297	-0.237987757
0.1298	-0.212955654
0.1299	-0.195944801
0.13	-0.211139813
0.1301	-0.234980062
0.1302	-0.234216899
0.1303	-0.248008966
0.1304	-0.310311615
0.1305	-0.357780695
0.1306	-0.332360208
0.1307	-0.317383111
0.1308	-0.387758791
0.1309	-0.455164254
0.131	-0.398277193
0.1311	-0.271573007
0.1312	-0.241244048
0.1313	-0.31368044
0.1314	-0.330977082
0.1315	-0.252893239
0.1316	-0.214995921
0.1317	-0.275527388
0.1318	-0.311895609
0.1319	-0.260138333
0.132	-0.221934423
0.1321	-0.255301446
0.1322	-0.277390957
0.1323	-0.243523002
0.1324	-0.230701774
0.1325	-0.268333465
0.1326	-0.262928098
0.1327	-0.195260376
0.1328	-0.182660475
0.1329	-0.246959701
0.133	-0.269795001
0.1331	-0.222731367
0.1332	-0.19987902
0.1333	-0.234932318
0.1334	-0.287943155
0.1335	-0.326542586
0.1336	-0.35604018
0.1337	-0.359333992
0.1338	-0.325077623
0.1339	-0.284775496
0.134	-0.308833659
0.1341	-0.373071194
0.1342	-0.35814184
0.1343	-0.254286587
0.1344	-0.20130986
0.1345	-0.256670922
0.1346	-0.296451986
0.1347	-0.23649244
0.1348	-0.181621745
0.1349	-0.236594409
0.135	-0.318554819
0.1351	-0.285129815
0.1352	-0.194075033
0.1353	-0.201619849
0.1354	-0.286587328
0.1355	-0.299040586
0.1356	-0.25679338
0.1357	-0.286771446
0.1358	-0.347272515
0.1359	-0.310291171
0.136	-0.237892285
0.1361	-0.283130467
0.1362	-0.395446479
0.1363	-0.405596972
0.1364	-0.322274208
0.1365	-0.286365986
0.1366	-0.31635803
0.1367	-0.320155829
0.1368	-0.282973617
0.1369	-0.266075283
0.137	-0.257971913
0.1371	-0.240722984
0.1372	-0.252086073
0.1373	-0.277285248
0.1374	-0.241598353
0.1375	-0.186104313
0.1376	-0.209184796
0.1377	-0.28681919
0.1378	-0.301826954
0.1379	-0.247920305
0.138	-0.213067874
0.1381	-0.24624458
0.1382	-0.296138614
0.1383	-0.303703576
0.1384	-0.272826254
0.1385	-0.257624418
0.1386	-0.283999026
0.1387	-0.307218999
0.1388	-0.265993774
0.1389	-0.208752379
0.139	-0.224161908
0.1391	-0.282503694
0.1392	-0.291829616
0.1393	-0.267686546
0.1394	-0.288982183
0.1395	-0.336560071
0.1396	-0.328163743
0.1397	-0.282544315
0.1398	-0.302825093
0.1399	-0.350614071
0.14	-0.309627205
0.1401	-0.219345495
0.1402	-0.22454007
0.1403	-0.298959076
0.1404	-0.312607616
0.1405	-0.244193777
0.1406	-0.192903325
0.1407	-0.227268487
0.1408	-0.296993524
0.1409	-0.331712991
0.141	-0.314770311
0.1411	-0.282765925
0.1412	-0.270932615
0.1413	-0.289186478
0.1414	-0.304926723
0.1415	-0.288934439
0.1416	-0.271613628
0.1417	-0.276226074
0.1418	-0.283620834
0.1419	-0.275997609
0.142	-0.261953861
0.1421	-0.255894125
0.1422	-0.261422247
0.1423	-0.272536725
0.1424	-0.279420674
0.1425	-0.289707541
0.1426	-0.319341838
0.1427	-0.328868628
0.1428	-0.294489831
0.1429	-0.267410338
0.143	-0.289884835
0.1431	-0.323946834
0.1432	-0.31215474
0.1433	-0.265189677
0.1434	-0.237493962
0.1435	-0.235586375
0.1436	-0.228597045
0.1437	-0.198448479
0.1438	-0.173913583
0.1439	-0.19184041
0.144	-0.236904398
0.1441	-0.24862209
0.1442	-0.229755104
0.1443	-0.250284195
0.1444	-0.31804055
0.1445	-0.356707573
0.1446	-0.35233444
0.1447	-0.365407348
0.1448	-0.395307004
0.1449	-0.367989153
0.145	-0.30164656
0.1451	-0.294057429
0.1452	-0.349415064
0.1453	-0.343852878
0.1454	-0.235777318
0.1455	-0.153868064
0.1456	-0.189605802
0.1457	-0.274492055
0.1458	-0.312164664
0.1459	-0.289677143
0.146	-0.25503239
0.1461	-0.245191902
0.1462	-0.285211653
0.1463	-0.337915599
0.1464	-0.312283993
0.1465	-0.242593065
0.1466	-0.273575783
0.1467	-0.36254254
0.1468	-0.333797574
0.1469	-0.205410853
0.147	-0.175303206
0.1471	-0.220827177
0.1472	-0.207134306
0.1473	-0.175119385
0.1474	-0.205420762
0.1475	-0.23781386
0.1476	-0.215949401
0.1477	-0.236632228
0.1478	-0.330299497
0.1479	-0.401342839
0.148	-0.399956644
0.1481	-0.395926952
0.1482	-0.404490024
0.1483	-0.35681358
0.1484	-0.264310896
0.1485	-0.23041907
0.1486	-0.281495035
0.1487	-0.307215601
0.1488	-0.256885439
0.1489	-0.208479613
0.149	-0.207560211
0.1491	-0.185940638
0.1492	-0.146265283
0.1493	-0.195433959
0.1494	-0.29563427
0.1495	-0.297150046
0.1496	-0.217611805
0.1497	-0.218882397
0.1498	-0.309228569
0.1499	-0.353768378
0.15	-0.347848147
0.1501	-0.361527681
0.1502	-0.374978781
0.1503	-0.327717394
0.1504	-0.255458295
0.1505	-0.263094872
0.1506	-0.330238104
0.1507	-0.321981609
0.1508	-0.210850298
0.1509	-0.138833001
0.151	-0.213377848
0.1511	-0.335912853
0.1512	-0.350345016
0.1513	-0.273122579
0.1514	-0.232973903
0.1515	-0.2626113
0.1516	-0.291989565
0.1517	-0.301554501
0.1518	-0.313840687
0.1519	-0.312774688
0.152	-0.282503694
0.1521	-0.245133936
0.1522	-0.229094237
0.1523	-0.228208333
0.1524	-0.235862255
0.1525	-0.259211808
0.1526	-0.254027456
0.1527	-0.190763876
0.1528	-0.163735837
0.1529	-0.228341311
0.153	-0.274307936
0.1531	-0.243410468
0.1532	-0.242477134
0.1533	-0.328657866
0.1534	-0.409664154
0.1535	-0.41095829
0.1536	-0.379536062
0.1537	-0.384053022
0.1538	-0.391686171
0.1539	-0.331559837
0.154	-0.242044404
0.1541	-0.219427332
0.1542	-0.290620714
0.1543	-0.346642643
0.1544	-0.297320545
0.1545	-0.176086515
0.1546	-0.11991486
0.1547	-0.184009492
0.1548	-0.275047213
0.1549	-0.303495884
0.155	-0.27070415
0.1551	-0.250229627
0.1552	-0.258248091
0.1553	-0.262720406
0.1554	-0.243798867
0.1555	-0.238825619
0.1556	-0.262812167
0.1557	-0.295058966
0.1558	-0.28086856
0.1559	-0.209031358
0.156	-0.189500406
0.1561	-0.288059086
0.1562	-0.376065254
0.1563	-0.36155498
0.1564	-0.342473179
0.1565	-0.37077862
0.1566	-0.386365443
0.1567	-0.371647477
0.1568	-0.362300783
0.1569	-0.343304217
0.157	-0.261725396
0.1571	-0.183845833
0.1572	-0.200073063
0.1573	-0.271017849
0.1574	-0.263132364
0.1575	-0.191912025
0.1576	-0.197760329
0.1577	-0.270343333
0.1578	-0.269532442
0.1579	-0.20031856
0.158	-0.206541643
0.1581	-0.256643653
0.1582	-0.223477483
0.1583	-0.184278548
0.1584	-0.262352169
0.1585	-0.34370625
0.1586	-0.274379849
0.1587	-0.190992326
0.1588	-0.282871336
0.1589	-0.41627562
0.159	-0.381120026
0.1591	-0.287033677
0.1592	-0.310744345
0.1593	-0.347381622
0.1594	-0.271606803
0.1595	-0.231076539
0.1596	-0.31637165
0.1597	-0.350055486
0.1598	-0.231727168
0.1599	-0.161725953
0.16	-0.243110731
0.1601	-0.293055892
0.1602	-0.219369367
0.1603	-0.204988346
0.1604	-0.30179286
0.1605	-0.327114791
0.1606	-0.243059576
0.1607	-0.233127028
0.1608	-0.341461718
0.1609	-0.376715899
0.161	-0.283583045
0.1611	-0.256074548
0.1612	-0.329359323
0.1613	-0.31718564
0.1614	-0.198009238
0.1615	-0.169267669
0.1616	-0.256670922
0.1617	-0.291005403
0.1618	-0.258067369
0.1619	-0.300035298
0.162	-0.410801768
0.1621	-0.426139981
0.1622	-0.324035496
0.1623	-0.289142132
0.1624	-0.375997365
0.1625	-0.389662951
0.1626	-0.26406911
0.1627	-0.194510862
0.1628	-0.272533625
0.1629	-0.285235196
0.163	-0.138189182
0.1631	-0.065193899
0.1632	-0.199218154
0.1633	-0.318210751
0.1634	-0.276436836
0.1635	-0.23265028
0.1636	-0.272898167
0.1637	-0.261858374
0.1638	-0.20368056
0.1639	-0.280217946
0.164	-0.42196399
0.1641	-0.376538575
0.1642	-0.220156401
0.1643	-0.22341238
0.1644	-0.313960046
0.1645	-0.260615051
0.1646	-0.16476433
0.1647	-0.223085672
0.1648	-0.336590767
0.1649	-0.335006773
0.165	-0.306377411
0.1651	-0.355205417
0.1652	-0.374042034
0.1653	-0.312965006
0.1654	-0.317532837
0.1655	-0.392353565
0.1656	-0.351247668
0.1657	-0.20211333
0.1658	-0.157277793
0.1659	-0.254630655
0.166	-0.308540434
0.1661	-0.245093018
0.1662	-0.189473122
0.1663	-0.217008904
0.1664	-0.247324228
0.1665	-0.247419387
0.1666	-0.261800408
0.1667	-0.30514124
0.1668	-0.304807395
0.1669	-0.264307499
0.167	-0.25082913
0.1671	-0.250607789
0.1672	-0.224574178
0.1673	-0.220758989
0.1674	-0.286495566
0.1675	-0.340650827
0.1676	-0.298539996
0.1677	-0.237292796
0.1678	-0.265751988
0.1679	-0.323892295
0.168	-0.332867652
0.1681	-0.34743619
0.1682	-0.396233529
0.1683	-0.382193148
0.1684	-0.261582494
0.1685	-0.182071522
0.1686	-0.249786988
0.1687	-0.323388278
0.1688	-0.244296074
0.1689	-0.103850983
0.169	-0.072933063
0.1691	-0.15692009
0.1692	-0.212437689
0.1693	-0.178447291
0.1694	-0.155060232
0.1695	-0.233549207
0.1696	-0.357784122
0.1697	-0.418203682
0.1698	-0.39740181
0.1699	-0.362573236
0.17	-0.344912052
0.1701	-0.341761142
0.1702	-0.369484454
0.1703	-0.376610488
0.1704	-0.282282054
0.1705	-0.157267258
0.1706	-0.176665545
0.1707	-0.317955315
0.1708	-0.385837853
0.1709	-0.330200613
0.171	-0.300212294
0.1711	-0.365073502
0.1712	-0.371981323
0.1713	-0.24875477
0.1714	-0.195134223
0.1715	-0.306592226
0.1716	-0.362808526
0.1717	-0.253584802
0.1718	-0.166961446
0.1719	-0.190842599
0.172	-0.181723729
0.1721	-0.138771623
0.1722	-0.189156339
0.1723	-0.294636458
0.1724	-0.320179403
0.1725	-0.261858374
0.1726	-0.241227001
0.1727	-0.276266664
0.1728	-0.317819238
0.1729	-0.361796767
0.173	-0.429147691
0.1731	-0.464224845
0.1732	-0.392677158
0.1733	-0.250202358
0.1734	-0.156010613
0.1735	-0.16964893
0.1736	-0.20212014
0.1737	-0.209055543
0.1738	-0.247667998
0.1739	-0.306932896
0.174	-0.325295866
0.1741	-0.297739625
0.1742	-0.268279225
0.1743	-0.269072741
0.1744	-0.318306208
0.1745	-0.371092319
0.1746	-0.326746553
0.1747	-0.193509638
0.1748	-0.123896502
0.1749	-0.186077029
0.175	-0.25231421
0.1751	-0.232404783
0.1752	-0.209338233
0.1753	-0.238396615
0.1754	-0.263432115
0.1755	-0.255137801
0.1756	-0.279103875
0.1757	-0.350470841
0.1758	-0.40412581
0.1759	-0.392530859
0.176	-0.349428713
0.1761	-0.339611769
0.1762	-0.344683915
0.1763	-0.333797574
0.1764	-0.353928328
0.1765	-0.392564952
0.1766	-0.331392765
0.1767	-0.175279334
0.1768	-0.101484008
0.1769	-0.181764647
0.177	-0.261115968
0.1771	-0.253227085
0.1772	-0.242824614
0.1773	-0.262566984
0.1774	-0.234179705
0.1775	-0.184850767
0.1776	-0.219682753
0.1777	-0.329080045
0.1778	-0.356987178
0.1779	-0.254289687
0.178	-0.148847073
0.1781	-0.163453132
0.1782	-0.242368028
0.1783	-0.232476696
0.1784	-0.153483078
0.1785	-0.203448698
0.1786	-0.399482995
0.1787	-0.490687788
0.1788	-0.379154772
0.1789	-0.257413328
0.179	-0.289636225
0.1791	-0.365311891
0.1792	-0.346199691
0.1793	-0.320125163
0.1794	-0.376961082
0.1795	-0.376722723
0.1796	-0.226348788
0.1797	-0.118613891
0.1798	-0.176979244
0.1799	-0.257461071
0.18	-0.229026049
0.1801	-0.193424076
0.1802	-0.233965203
0.1803	-0.258905232
0.1804	-0.236969486
0.1805	-0.283992201
0.1806	-0.412133723
0.1807	-0.451822728
0.1808	-0.367641658
0.1809	-0.293992639
0.181	-0.289850742
0.1811	-0.285739213
0.1812	-0.247460306
0.1813	-0.26253289
0.1814	-0.331958473
0.1815	-0.301305592
0.1816	-0.199511379
0.1817	-0.210990101
0.1818	-0.321129769
0.1819	-0.337142527
0.182	-0.294483036
0.1821	-0.321344286
0.1822	-0.347872019
0.1823	-0.280568838
0.1824	-0.182020068
0.1825	-0.175425649
0.1826	-0.247225344
0.1827	-0.287248194
0.1828	-0.25029102
0.1829	-0.189943045
0.183	-0.186203197
0.1831	-0.238512233
0.1832	-0.280987918
0.1833	-0.296492904
0.1834	-0.315884382
0.1835	-0.331341624
0.1836	-0.337564707
0.1837	-0.330244929
0.1838	-0.28219682
0.1839	-0.234485954
0.184	-0.251377463
0.1841	-0.301329762
0.1842	-0.2789644
0.1843	-0.201381162
0.1844	-0.196561351
0.1845	-0.30711329
0.1846	-0.388998687
0.1847	-0.34435007
0.1848	-0.307055652
0.1849	-0.364109486
0.185	-0.389230222
0.1851	-0.322805822
0.1852	-0.277390957
0.1853	-0.293049067
0.1854	-0.295528889
0.1855	-0.248437971
0.1856	-0.182643741
0.1857	-0.100196369
0.1858	-0.048159488
0.1859	-0.103156328
0.186	-0.242903039
0.1861	-0.309351325
0.1862	-0.270012915
0.1863	-0.246438622
0.1864	-0.287899137
0.1865	-0.310359359
0.1866	-0.334924936
0.1867	-0.427819133
0.1868	-0.486170828
0.1869	-0.379539758
0.187	-0.229983255
0.1871	-0.227295756
0.1872	-0.308325917
0.1873	-0.295287102
0.1874	-0.221699461
0.1875	-0.206391603
0.1876	-0.268306196
0.1877	-0.351785779
0.1878	-0.382026076
0.1879	-0.319034964
0.188	-0.245570078
0.1881	-0.280398339
0.1882	-0.361514062
0.1883	-0.365952283
0.1884	-0.304177195
0.1885	-0.262005001
0.1886	-0.235606834
0.1887	-0.19974263
0.1888	-0.187075153
0.1889	-0.216991857
0.189	-0.218664169
0.1891	-0.158636734
0.1892	-0.127691224
0.1893	-0.201098457
0.1894	-0.316834748
0.1895	-0.321852028
0.1896	-0.247276485
0.1897	-0.286730528
0.1898	-0.430367112
0.1899	-0.46247381
0.19	-0.368650019
0.1901	-0.360863417
0.1902	-0.431593388
0.1903	-0.414715528
0.1904	-0.343515605
0.1905	-0.326351643
0.1906	-0.301520407
0.1907	-0.222717732
0.1908	-0.233689323
0.1909	-0.334026009
0.191	-0.313527316
0.1911	-0.169359416
0.1912	-0.134816945
0.1913	-0.234145612
0.1914	-0.274614811
0.1915	-0.204944029
0.1916	-0.14837034
0.1917	-0.186482489
0.1918	-0.287292808
0.1919	-0.340783805
0.192	-0.325622559
0.1921	-0.298240244
0.1922	-0.288685858
0.1923	-0.26995495
0.1924	-0.249800622
0.1925	-0.286069661
0.1926	-0.37780267
0.1927	-0.387871295
0.1928	-0.257072657
0.1929	-0.191987038
0.193	-0.306745678
0.1931	-0.397030473
0.1932	-0.308268279
0.1933	-0.202726454
0.1934	-0.225207761
0.1935	-0.269369096
0.1936	-0.227254838
0.1937	-0.200958967
0.1938	-0.286941916
0.1939	-0.354146242
0.194	-0.300910681
0.1941	-0.26959753
0.1942	-0.331628054
0.1943	-0.345746815
0.1944	-0.278480828
0.1945	-0.227561101
0.1946	-0.20354417
0.1947	-0.156058356
0.1948	-0.117196687
0.1949	-0.178947896
0.195	-0.300525695
0.1951	-0.334700227
0.1952	-0.293566734
0.1953	-0.315632373
0.1954	-0.361227632
0.1955	-0.33187294
0.1956	-0.321630716
0.1957	-0.42935878
0.1958	-0.524470508
0.1959	-0.421841562
0.196	-0.221038595
0.1961	-0.169121042
0.1962	-0.293815345
0.1963	-0.364528269
0.1964	-0.246670187
0.1965	-0.089957252
0.1966	-0.116927624
0.1967	-0.268405378
0.1968	-0.324481547
0.1969	-0.283933938
0.197	-0.252872795
0.1971	-0.235903174
0.1972	-0.258898407
0.1973	-0.367338508
0.1974	-0.421755999
0.1975	-0.344101459
0.1976	-0.277104527
0.1977	-0.253101259
0.1978	-0.18616569
0.1979	-0.153857529
0.198	-0.238454267
0.1981	-0.29814136
0.1982	-0.232193992
0.1983	-0.185879573
0.1984	-0.248287946
0.1985	-0.326072335
0.1986	-0.310080379
0.1987	-0.278719187
0.1988	-0.351891488
0.1989	-0.422672272
0.199	-0.347749263
0.1991	-0.240818143
0.1992	-0.272836775
0.1993	-0.344026446
0.1994	-0.30061093
0.1995	-0.176992878
0.1996	-0.139476508
0.1997	-0.21822153
0.1998	-0.268054485
0.1999	-0.212958753
0.2	-0.165595695
0.2001	-0.214876577
0.2002	-0.293791771
0.2003	-0.313677341
0.2004	-0.290228903
0.2005	-0.299844354
0.2006	-0.348188818
0.2007	-0.355171651
0.2008	-0.302371919
0.2009	-0.259487689
0.201	-0.253680289
0.2011	-0.258908659
0.2012	-0.242480546
0.2013	-0.228212044
0.2014	-0.214804977
0.2015	-0.220827177
0.2016	-0.276518673
0.2017	-0.32349056
0.2018	-0.273374915
0.2019	-0.238417074
0.202	-0.309511274
0.2021	-0.346785545
0.2022	-0.27365759
0.2023	-0.254562467
0.2024	-0.351809651
0.2025	-0.363602042
0.2026	-0.221798033
0.2027	-0.122452632
0.2028	-0.165381193
0.2029	-0.196316153
0.203	-0.176297918
0.2031	-0.237745672
0.2032	-0.319317669
0.2033	-0.299183488
0.2034	-0.255005121
0.2035	-0.28694874
0.2036	-0.349176705
0.2037	-0.412596822
0.2038	-0.425145268
0.2039	-0.369620532
0.204	-0.330265403
0.2041	-0.351234019
0.2042	-0.308329344
0.2043	-0.152065873
0.2044	-0.082940638
0.2045	-0.204617307
0.2046	-0.328122824
0.2047	-0.259044737
0.2048	-0.169097185
0.2049	-0.187865287
0.205	-0.19499442
0.2051	-0.153772593
0.2052	-0.233658329
0.2053	-0.434781492
0.2054	-0.515563369
0.2055	-0.378071725
0.2056	-0.255986184
0.2057	-0.319706053
0.2058	-0.406418085
0.2059	-0.371047974
0.206	-0.324484974
0.2061	-0.303032786
0.2062	-0.23068814
0.2063	-0.17611751
0.2064	-0.21822834
0.2065	-0.283917189
0.2066	-0.304218113
0.2067	-0.283133566
0.2068	-0.236655787
0.2069	-0.204879552
0.207	-0.247818023
0.2071	-0.321525007
0.2072	-0.287043899
0.2073	-0.17120564
0.2074	-0.157744005
0.2075	-0.283852398
0.2076	-0.332786113
0.2077	-0.232582092
0.2078	-0.210411072
0.2079	-0.355965167
0.208	-0.459129155
0.2081	-0.383974284
0.2082	-0.264729679
0.2083	-0.224798903
0.2084	-0.249616504
0.2085	-0.302569658
0.2086	-0.339571178
0.2087	-0.301237702
0.2088	-0.215315819
0.2089	-0.17791909
0.209	-0.222067088
0.2091	-0.255226433
0.2092	-0.214978561
0.2093	-0.198945686
0.2094	-0.277182966
0.2095	-0.318047374
0.2096	-0.231716946
0.2097	-0.198383689
0.2098	-0.292916417
0.2099	-0.32719633
0.21	-0.270735145
0.2101	-0.290722698
0.2102	-0.368970215
0.2103	-0.328916371
0.2104	-0.207376093
0.2105	-0.201203853
0.2106	-0.309732586
0.2107	-0.341202587
0.2108	-0.253186166
0.2109	-0.23264347
0.211	-0.317349017
0.2111	-0.343491763
0.2112	-0.330990732
0.2113	-0.409711897
0.2114	-0.445409
0.2115	-0.316487283
0.2116	-0.211759776
0.2117	-0.251507044
0.2118	-0.289816648
0.2119	-0.267175376
0.212	-0.254933834
0.2121	-0.227762267
0.2122	-0.158714846
0.2123	-0.120391913
0.2124	-0.147746965
0.2125	-0.182980999
0.2126	-0.182176918
0.2127	-0.183304608
0.2128	-0.251909077
0.2129	-0.359333992
0.213	-0.435636401
0.2131	-0.454493165
0.2132	-0.411326557
0.2133	-0.366088688
0.2134	-0.402500927
0.2135	-0.426293433
0.2136	-0.33370921
0.2137	-0.234360114
0.2138	-0.246067271
0.2139	-0.264195293
0.214	-0.153663486
0.2141	-0.020297
0.2142	-0.063180916
0.2143	-0.233975112
0.2144	-0.2700845
0.2145	-0.152665362
0.2146	-0.118331194
0.2147	-0.2416154
0.2148	-0.366514266
0.2149	-0.420758188
0.215	-0.475298434
0.2151	-0.517045021
0.2152	-0.461455524
0.2153	-0.358427942
0.2154	-0.332182914
0.2155	-0.369647831
0.2156	-0.362648249
0.2157	-0.271467328
0.2158	-0.136329323
0.2159	-0.082920179
0.216	-0.143843442
0.2161	-0.17104879
0.2162	-0.113698296
0.2163	-0.104798272
0.2164	-0.201599389
0.2165	-0.286032468
0.2166	-0.272315413
0.2167	-0.239960134
0.2168	-0.322686493
0.2169	-0.445507586
0.217	-0.461237609
0.2171	-0.391573638
0.2172	-0.349241495
0.2173	-0.34379831
0.2174	-0.300682545
0.2175	-0.227435246
0.2176	-0.200965792
0.2177	-0.265128314
0.2178	-0.279992878
0.2179	-0.137848511
0.218	0.002661049
0.2181	-0.076976083
0.2182	-0.291179299
0.2183	-0.372376233
0.2184	-0.284080535
0.2185	-0.229339436
0.2186	-0.29774645
0.2187	-0.365765065
0.2188	-0.350985408
0.2189	-0.357215315
0.219	-0.463873953
0.2191	-0.557326734
0.2192	-0.521108508
0.2193	-0.398297638
0.2194	-0.276958227
0.2195	-0.212798804
0.2196	-0.236274526
0.2197	-0.333913505
0.2198	-0.369242668
0.2199	-0.258513421
0.22	-0.132228345
0.2201	-0.160758823
0.2202	-0.281314641
0.2203	-0.315761626
0.2204	-0.282936126
0.2205	-0.299044013
0.2206	-0.331549317
0.2207	-0.309470356
0.2208	-0.284104407
0.2209	-0.282687187
0.221	-0.214641616
0.2211	-0.099702269
0.2212	-0.089630224
0.2213	-0.183502063
0.2214	-0.234315783
0.2215	-0.212240234
0.2216	-0.23656404
0.2217	-0.305968851
0.2218	-0.278037876
0.2219	-0.201129153
0.222	-0.291765153
0.2221	-0.52391845
0.2222	-0.590663373
0.2223	-0.409476608
0.2224	-0.255816013
0.2225	-0.359006971
0.2226	-0.530162275
0.2227	-0.494649291
0.2228	-0.31215784
0.2229	-0.208868012
0.223	-0.180511415
0.2231	-0.119417354
0.2232	-0.072527617
0.2233	-0.121791765
0.2234	-0.175582498
0.2235	-0.157696575
0.2236	-0.143264413
0.2237	-0.171614185
0.2238	-0.21025081
0.2239	-0.257103354
0.224	-0.338079274
0.2241	-0.381899923
0.2242	-0.339084208
0.2243	-0.261572272
0.2244	-0.21990408
0.2245	-0.217226818
0.2246	-0.23363477
0.2247	-0.266930521
0.2248	-0.302221864
0.2249	-0.295607001
0.225	-0.241986752
0.2251	-0.227173015
0.2252	-0.281778038
0.2253	-0.31047529
0.2254	-0.252334684
0.2255	-0.221719608
0.2256	-0.273439378
0.2257	-0.280745834
0.2258	-0.241438091
0.2259	-0.291070193
0.226	-0.409742564
0.2261	-0.426184326
0.2262	-0.352814287
0.2263	-0.314695626
0.2264	-0.322659194
0.2265	-0.291877359
0.2266	-0.248353034
0.2267	-0.280452907
0.2268	-0.325298965
0.2269	-0.272724271
0.227	-0.1490684
0.2271	-0.102713376
0.2272	-0.171045691
0.2273	-0.255883902
0.2274	-0.289152354
0.2275	-0.279577523
0.2276	-0.252675354
0.2277	-0.226593971
0.2278	-0.191697523
0.2279	-0.231185332
0.228	-0.406680316
0.2281	-0.438777089
0.2282	-0.295515239
0.2283	-0.312842578
0.2284	-0.422124237
0.2285	-0.301741719
0.2286	-0.119213387
0.2287	-0.277077258
0.2288	-0.514023423
0.2289	-0.37934199
0.229	0.005202231
0.2291	0.01906869
0.2292	-0.327386945
0.2293	-0.49388954
0.2294	-0.251581758
0.2295	-0.007826673
0.2296	-0.133144632
0.2297	-0.437581509
0.2298	-0.519330502
0.2299	-0.250335038
0.23	0.079729721
0.2301	0.135227174
0.2302	-0.07363826
0.2303	-0.08826106
0.2304	-0.14299877
0.2305	-0.441931099
0.2306	-0.480179608
0.2307	-0.607575357
0.2308	-0.736704469
0.2309	-0.59040457
0.231	-0.537117839
0.2311	-0.888866663
0.2312	-1.213798761
0.2313	-0.768024743
0.2314	-0.044014491
0.2315	0.053750645
0.2316	-0.370727777
0.2317	-0.158224463
0.2318	0.644469082
0.2319	0.936173737
0.232	0.496489733
0.2321	0.298136204
0.2322	0.40806821
0.2323	-0.017725131
0.2324	-0.699379325
0.2325	-0.65136534
0.2326	-0.143322378
0.2327	-0.376004189
0.2328	-1.062576771
0.2329	-1.318304658
0.233	-0.960042953
0.2331	-0.822994292
0.2332	-0.848884702
0.2333	-0.621564567
0.2334	-0.118722692
0.2335	0.257455587
0.2336	0.479963064
0.2337	0.748522401
0.2338	0.938813448
0.2339	0.573803902
0.234	-0.247136697
0.2341	-0.96929419
0.2342	-1.233837485
0.2343	-1.087946177
0.2344	-0.912107408
0.2345	-0.96551311
0.2346	-1.269078016
0.2347	-1.298327327
0.2348	-0.483977437
0.2349	0.804786146
0.235	1.32129705
0.2351	0.772928059
0.2352	0.286606044
0.2353	0.426594526
0.2354	0.337198734
0.2355	-0.33327651
0.2356	-0.628478885
0.2357	-0.303110898
0.2358	-0.411145836
0.2359	-1.167297482
0.236	-1.349072814
0.2361	-0.504492879
0.2362	0.406491041
0.2363	0.525898993
0.2364	0.144883856
0.2365	-0.00171271
0.2366	0.253293246
0.2367	0.503738225
0.2368	0.250159711
0.2369	-0.413043201
0.237	-1.028385162
0.2371	-1.37998116
0.2372	-1.610836864
0.2373	-1.761779666
0.2374	-1.59827137
0.2375	-1.103413939
0.2376	-0.730716348
0.2377	-0.58537674
0.2378	-0.085961662
0.2379	0.912234902
0.238	1.79789722
0.2381	1.965462089
0.2382	1.726503015
0.2383	1.598971486
0.2384	1.447558165
0.2385	0.800241888
0.2386	-0.023791667
0.2387	-0.412439972
0.2388	-0.603181124
0.2389	-1.178895473
0.239	-1.798570037
0.2391	-1.72101748
0.2392	-1.106281877
0.2393	-0.657465935
0.2394	-0.461189896
0.2395	-0.250038683
0.2396	-0.158173636
0.2397	-0.358874291
0.2398	-0.558508635
0.2399	-0.580744445
0.24	-0.650830626
0.2401	-0.78600955
0.2402	-0.762309074
0.2403	-0.669251263
0.2404	-0.703892589
0.2405	-0.614302456
0.2406	-0.225047499
0.2407	0.214871123
0.2408	0.451160133
0.2409	0.573313534
0.241	0.654142857
0.2411	0.616184115
0.2412	0.485596895
0.2413	0.453244716
0.2414	0.418338031
0.2415	0.136780769
0.2416	-0.232033744
0.2417	-0.372229904
0.2418	-0.357600302
0.2419	-0.358516574
0.242	-0.244350627
0.2421	0.126562104
0.2422	0.51499933
0.2423	0.491159409
0.2424	0.255735546
0.2425	0.504893184
0.2426	1.079687595
0.2427	1.050278306
0.2428	0.319367081
0.2429	-0.219992727
0.243	-0.147379026
0.2431	-0.013218703
0.2432	-0.269604355
0.2433	-0.566598415
0.2434	-0.563192368
0.2435	-0.534675241
0.2436	-0.701709092
0.2437	-0.717054188
0.2438	-0.468588382
0.2439	-0.416701525
0.244	-0.705667198
0.2441	-0.872649968
0.2442	-0.714605033
0.2443	-0.604557395
0.2444	-0.734930158
0.2445	-0.781554222
0.2446	-0.6268543
0.2447	-0.505814612
0.2448	-0.484941483
0.2449	-0.359344214
0.245	-0.164083004
0.2451	-0.090573788
0.2452	-0.095121138
0.2453	-0.061317962
0.2454	-0.043363541
0.2455	-0.056661505
0.2456	0.031375352
0.2457	0.172753468
0.2458	0.169279262
0.2459	0.028660582
0.246	-0.036946423
0.2461	-0.027644048
0.2462	-0.200154901
0.2463	-0.575396776
0.2464	-0.745110989
0.2465	-0.592080295
0.2466	-0.512054741
0.2467	-0.620004475
0.2468	-0.568400264
0.2469	-0.248758182
0.247	0.04084821
0.2471	0.218996286
0.2472	0.419124722
0.2473	0.547269702
0.2474	0.404341668
0.2475	0.167286739
0.2476	0.117549248
0.2477	0.097622767
0.2478	-0.173841983
0.2479	-0.486947626
0.248	-0.550715268
0.2481	-0.520113826
0.2482	-0.607418478
0.2483	-0.636780024
0.2484	-0.462984949
0.2485	-0.252848923
0.2486	-0.236363173
0.2487	-0.437339723
0.2488	-0.426773578
0.2489	-0.114039272
0.249	0.04600497
0.2491	-0.082300223
0.2492	-0.095376559
0.2493	0.161833018
0.2494	0.244804874
0.2495	0.022382952
0.2496	-0.03249114
0.2497	0.202455655
0.2498	0.254849941
0.2499	0.046018608
0.25	0.045637339
0.2501	0.249212727
0.2502	0.263440609
0.2503	0.056727655
0.2504	-0.129387408
0.2505	-0.277837008
0.2506	-0.45639053
0.2507	-0.565552533
0.2508	-0.468812793
0.2509	-0.293584079
0.251	-0.419865757
0.2511	-0.828406453
0.2512	-1.102214932
0.2513	-1.136671901
0.2514	-1.009034395
0.2515	-0.52404803
0.2516	0.2179095
0.2517	0.666310012
0.2518	0.555846393
0.2519	0.164425343
0.252	-0.085249953
0.2521	-0.155690104
0.2522	-0.294585317
0.2523	-0.435418487
0.2524	-0.358591616
0.2525	-0.245225996
0.2526	-0.387023211
0.2527	-0.731543958
0.2528	-0.97862047
0.2529	-0.963336766
0.253	-0.798813403
0.2531	-0.662312746
0.2532	-0.571857452
0.2533	-0.608920634
0.2534	-0.730287313
0.2535	-0.418806255
0.2536	0.082407288
0.2537	-0.129288837
0.2538	-0.528254688
0.2539	-0.184694231
0.254	-0.006518575
0.2541	-0.722892582
0.2542	-1.042909145
0.2543	-0.556117475
0.2544	-0.58277452
0.2545	-0.931185782
0.2546	-0.273262382
0.2547	0.73426044
0.2548	0.655154586
0.2549	0.104241058
0.255	0.140922666
0.2551	0.407165557
0.2552	0.458592415
0.2553	0.19951275
0.2554	-0.563417137
0.2555	-1.41903317
0.2556	-1.570691347
0.2557	-1.139526367
0.2558	-0.821570277
0.2559	-0.834067881
0.256	-1.076808095
0.2561	-1.297336102
0.2562	-1.162038088
0.2563	-0.912332118
0.2564	-1.13768363
0.2565	-1.306267023
0.2566	-0.652152359
0.2567	-0.131625444
0.2568	-0.681582093
0.2569	-1.188807249
0.257	-0.851834416
0.2571	-0.78327769
0.2572	-1.318165183
0.2573	-0.970098257
0.2574	0.469659179
0.2575	1.108184218
0.2576	0.328362882
0.2577	-0.097624809
0.2578	0.780745029
0.2579	1.61143434
0.258	1.295495272
0.2581	0.758805573
0.2582	1.000162601
0.2583	1.277138472
0.2584	0.65139395
0.2585	-0.081680275
0.2586	0.042023022
0.2587	0.159012854
0.2588	-0.764506221
0.2589	-1.92192924
0.259	-2.202100515
0.2591	-1.760025501
0.2592	-1.303872824
0.2593	-1.103284359
0.2594	-1.113772035
0.2595	-1.198239207
0.2596	-1.109691501
0.2597	-0.696998417
0.2598	-0.141915396
0.2599	0.195016548
0.26	0.298647046
0.2601	0.548257589
0.2602	0.939228833
0.2603	0.830308914
0.2604	0.115495354
0.2605	-0.116045438
0.2606	0.662079453
0.2607	1.297490835
0.2608	0.889052451
0.2609	0.222344637
0.261	0.132383138
0.2611	0.068199858
0.2612	-0.520961881
0.2613	-1.107535362
0.2614	-1.255051613
0.2615	-1.136453986
0.2616	-1.069641113
0.2617	-1.314428449
0.2618	-1.645263433
0.2619	-1.409046412
0.262	-0.728301644
0.2621	-0.466353446
0.2622	-0.724748671
0.2623	-0.806545734
0.2624	-0.56870687
0.2625	-0.26518628
0.2626	0.088248789
0.2627	0.371468425
0.2628	0.519570529
0.2629	0.788681626
0.263	1.021151781
0.2631	0.781736314
0.2632	0.443465292
0.2633	0.36238429
0.2634	-0.051279705
0.2635	-0.768334687
0.2636	-0.910775721
0.2637	-0.615542352
0.2638	-0.749900103
0.2639	-1.085204124
0.264	-1.200344324
0.2641	-1.36332798
0.2642	-1.317568779
0.2643	-0.822997391
0.2644	-0.58340466
0.2645	-0.834640086
0.2646	-0.770834684
0.2647	-0.155771941
0.2648	0.28650406
0.2649	0.284964085
0.265	0.165140465
0.2651	0.08563631
0.2652	0.118560702
0.2653	0.340546787
0.2654	0.563398004
0.2655	0.657743514
0.2656	0.745415807
0.2657	0.481597871
0.2658	-0.543293178
0.2659	-1.34455657
0.266	-1.110461235
0.2661	-0.922888041
0.2662	-1.439453483
0.2663	-1.432092428
0.2664	-0.512337744
0.2665	-0.194075033
0.2666	-0.754389822
0.2667	-0.657530427
0.2668	0.337457269
0.2669	0.748014688
0.267	0.228928521
0.2671	-0.021683212
0.2672	0.44696027
0.2673	0.790173233
0.2674	0.704248548
0.2675	0.683818042
0.2676	0.820423782
0.2677	0.681331456
0.2678	0.329303026
0.2679	0.113815904
0.268	-0.119301729
0.2681	-0.609315574
0.2682	-0.977036774
0.2683	-0.912134647
0.2684	-0.835689068
0.2685	-1.024713278
0.2686	-1.037234664
0.2687	-0.606934965
0.2688	-0.169114232
0.2689	-0.003419126
0.269	0.089608029
0.2691	0.244290933
0.2692	0.326557577
0.2693	0.357632339
0.2694	0.468456775
0.2695	0.741433859
0.2696	1.054444432
0.2697	1.131356835
0.2698	0.926255107
0.2699	0.612621248
0.27	0.259622335
0.2701	-0.129040241
0.2702	-0.38332054
0.2703	-0.44505471
0.2704	-0.636946797
0.2705	-1.060733914
0.2706	-1.356651783
0.2707	-1.441888928
0.2708	-1.620650172
0.2709	-1.767222881
0.271	-1.59275353
0.2711	-1.373090386
0.2712	-1.333022952
0.2713	-1.019011259
0.2714	-0.274611086
0.2715	0.241211623
0.2716	0.061789557
0.2717	-0.166695789
0.2718	0.258661419
0.2719	0.931653678
0.272	0.965555727
0.2721	0.398639679
0.2722	0.219653428
0.2723	0.636665761
0.2724	0.525725424
0.2725	-0.335255384
0.2726	-0.679102242
0.2727	-0.269859791
0.2728	-0.279802561
0.2729	-0.889074624
0.273	-1.110655546
0.2731	-0.749120235
0.2732	-0.644191861
0.2733	-0.973371625
0.2734	-0.988379419
0.2735	-0.515035152
0.2736	-0.25333932
0.2737	-0.511155486
0.2738	-0.701412797
0.2739	-0.382094294
0.274	-0.094875947
0.2741	-0.361881673
0.2742	-0.603661597
0.2743	-0.232456237
0.2744	0.228210002
0.2745	0.101720646
0.2746	-0.30137068
0.2747	-0.378881991
0.2748	-0.255373061
0.2749	-0.453546494
0.275	-0.88356328
0.2751	-0.956834435
0.2752	-0.715865433
0.2753	-0.620304167
0.2754	-0.658944249
0.2755	-0.493463635
0.2756	-0.262962192
0.2757	-0.341948688
0.2758	-0.541188121
0.2759	-0.337609351
0.276	0.153767452
0.2761	0.30455333
0.2762	-0.042587053
0.2763	-0.397912651
0.2764	-0.292010039
0.2765	0.110835485
0.2766	0.275896996
0.2767	0.143558696
0.2768	0.125877067
0.2769	0.22868365
0.277	-0.052206222
0.2771	-0.460481286
0.2772	-0.4443461
0.2773	-0.296686947
0.2774	-0.584365308
0.2775	-1.006670475
0.2776	-0.887330413
0.2777	-0.332026362
0.2778	-0.019843815
0.2779	-0.045318868
0.278	0.080438323
0.2781	0.352894366
0.2782	0.388264477
0.2783	0.316709965
0.2784	0.487909615
0.2785	0.711060584
0.2786	0.641921699
0.2787	0.419567376
0.2788	0.32847169
0.2789	0.301535398
0.279	0.062828287
0.2791	-0.360529572
0.2792	-0.689855635
0.2793	-0.84569633
0.2794	-0.939411581
0.2795	-1.022628665
0.2796	-1.110396385
0.2797	-1.207885742
0.2798	-1.237363219
0.2799	-1.083272934
0.28	-0.756028056
0.2801	-0.428207517
0.2802	-0.295181394
0.2803	-0.413996696
0.2804	-0.504356802
0.2805	-0.248894259
0.2806	0.134702697
0.2807	0.09144371
0.2808	-0.264678836
0.2809	-0.210703999
0.281	0.316563666
0.2811	0.570292532
0.2812	0.313153923
0.2813	0.158665374
0.2814	0.297117621
0.2815	0.254213244
0.2816	-0.17104879
0.2817	-0.400123417
0.2818	-0.133205697
0.2819	-0.130501464
0.282	-0.812138319
0.2821	-1.363096476
0.2822	-1.204676867
0.2823	-1.005202413
0.2824	-1.342263937
0.2825	-1.499978423
0.2826	-0.833543062
0.2827	-0.107543416
0.2828	-0.267315179
0.2829	-0.63505286
0.283	-0.140072897
0.2831	0.675472915
0.2832	0.757623911
0.2833	0.469720542
0.2834	0.616378486
0.2835	0.823172629
0.2836	0.450056612
0.2837	-0.046575822
0.2838	-0.062418066
0.2839	-0.002843501
0.284	-0.352845281
0.2841	-0.766297877
0.2842	-0.782518268
0.2843	-0.636694789
0.2844	-0.733884275
0.2845	-0.858701348
0.2846	-0.686340213
0.2847	-0.438177586
0.2848	-0.453403294
0.2849	-0.520161569
0.285	-0.327806056
0.2851	0.007048137
0.2852	0.199645728
0.2853	0.178237557
0.2854	0.099485718
0.2855	0.171843991
0.2856	0.424962819
0.2857	0.716193795
0.2858	0.896382749
0.2859	0.921721399
0.286	0.893647492
0.2861	0.888871431
0.2862	0.883466065
0.2863	0.857589245
0.2864	0.861635685
0.2865	0.801843226
0.2866	0.517540216
0.2867	0.21917668
0.2868	0.149628654
0.2869	0.104861014
0.287	-0.202910587
0.2871	-0.54520762
0.2872	-0.509227455
0.2873	-0.220115483
0.2874	-0.096258745
0.2875	-0.114750974
0.2876	0.061431848
0.2877	0.396408468
0.2878	0.554753125
0.2879	0.447740465
0.288	0.349740356
0.2881	0.521399379
0.2882	0.78576231
0.2883	0.818802595
0.2884	0.726824701
0.2885	0.74924463
0.2886	0.785888731
0.2887	0.715822458
0.2888	0.647654414
0.2889	0.735742092
0.289	0.874559224
0.2891	0.817382276
0.2892	0.596417904
0.2893	0.499269605
0.2894	0.578528583
0.2895	0.580827653
0.2896	0.45796904
0.2897	0.329319775
0.2898	0.226789698
0.2899	0.182703078
0.29	0.175005138
0.2901	0.209956139
0.2902	0.270443588
0.2903	0.346565604
0.2904	0.434486508
0.2905	0.489139289
0.2906	0.518521249
0.2907	0.595440209
0.2908	0.634223461
0.2909	0.498823255
0.291	0.328434497
0.2911	0.324623019
0.2912	0.39317295
0.2913	0.346460193
0.2914	0.250329882
0.2915	0.381775737
0.2916	0.702017367
0.2917	0.8255198
0.2918	0.738572836
0.2919	0.750068545
0.292	0.789577484
0.2921	0.625653565
0.2922	0.462822944
0.2923	0.631471217
0.2924	0.919047534
0.2925	0.849649549
0.2926	0.495280832
0.2927	0.387913585
0.2928	0.590395689
0.2929	0.71940577
0.293	0.641069889
0.2931	0.498104721
0.2932	0.395911276
0.2933	0.3827838
0.2934	0.494265676
0.2935	0.709013522
0.2936	0.891974866
0.2937	0.90991503
0.2938	0.889570117
0.2939	0.955582559
0.294	1.021028996
0.2941	0.985805809
0.2942	0.877283871
0.2943	0.801941812
0.2944	0.806301892
0.2945	0.896328211
0.2946	0.960385323
0.2947	0.862442851
0.2948	0.687694013
0.2949	0.648362398
0.295	0.749782801
0.2951	0.762228906
0.2952	0.607988656
0.2953	0.456300139
0.2954	0.391973943
0.2955	0.366754323
0.2956	0.376996547
0.2957	0.406542212
0.2958	0.432861924
0.2959	0.484384269
0.296	0.571920514
0.2961	0.634703636
0.2962	0.662641108
0.2963	0.701965928
0.2964	0.745224893
0.2965	0.7237795
0.2966	0.664742768
0.2967	0.74799794
0.2968	1.023505688
0.2969	1.236925244
0.297	1.238178253
0.2971	1.161705971
0.2972	1.170320153
0.2973	1.203946352
0.2974	1.130842209
0.2975	1.009550571
0.2976	0.981500268
0.2977	1.045043468
0.2978	1.036095023
0.2979	0.894774616
0.298	0.730847597
0.2981	0.600767493
0.2982	0.45601061
0.2983	0.348347038
0.2984	0.32191819
0.2985	0.249052778
0.2986	0.196474373
0.2987	0.399671882
0.2988	0.74224788
0.2989	0.754162729
0.299	0.454559326
0.2991	0.416266769
0.2992	0.743402839
0.2993	0.959679782
0.2994	0.864752173
0.2995	0.69771862
0.2996	0.595437109
0.2997	0.510384083
0.2998	0.500328779
0.2999	0.640644014
0.3	0.805616856
0.3001	0.868393779
0.3002	0.895884931
0.3003	0.926898599
0.3004	0.868781865
0.3005	0.735442042
0.3006	0.673388004
0.3007	0.743280113
0.3008	0.847840548
0.3009	0.886408985
0.301	0.834174931
0.3011	0.745088518
0.3012	0.666207731
0.3013	0.591206551
0.3014	0.554617047
0.3015	0.575330257
0.3016	0.622230172
0.3017	0.645061791
0.3018	0.62831378
0.3019	0.590191424
0.302	0.545089602
0.3021	0.532224357
0.3022	0.579407334
0.3023	0.646795809
0.3024	0.675717771
0.3025	0.695984602
0.3026	0.72615391
0.3027	0.719147265
0.3028	0.731365263
0.3029	0.876864791
0.303	0.984474182
0.3031	0.855906069
0.3032	0.731208384
0.3033	0.866755247
0.3034	1.027098894
0.3035	0.876588941
0.3036	0.641802073
0.3037	0.610131204
0.3038	0.627676785
0.3039	0.525827706
0.304	0.509004414
0.3041	0.68315345
0.3042	0.751867056
0.3043	0.573637128
0.3044	0.443663031
0.3045	0.598740876
0.3046	0.805287063
0.3047	0.792193055
0.3048	0.677134991
0.3049	0.701465607
0.305	0.834893465
0.3051	0.910889626
0.3052	0.880717158
0.3053	0.764670908
0.3054	0.599657118
0.3055	0.53236419
0.3056	0.666422188
0.3057	0.828687727
0.3058	0.832584143
0.3059	0.706826925
0.306	0.639278233
0.3061	0.705733359
0.3062	0.811373711
0.3063	0.817910492
0.3064	0.746515632
0.3065	0.736311197
0.3066	0.736600757
0.3067	0.590641201
0.3068	0.381639361
0.3069	0.378488779
0.307	0.519699812
0.3071	0.509753585
0.3072	0.422435582
0.3073	0.543805718
0.3074	0.718632698
0.3075	0.576975286
0.3076	0.335110754
0.3077	0.461688757
0.3078	0.80355984
0.3079	0.857585549
0.308	0.677233577
0.3081	0.684532881
0.3082	0.818768501
0.3083	0.777846098
0.3084	0.696908355
0.3085	0.821098268
0.3086	0.87885052
0.3087	0.639656425
0.3088	0.469288111
0.3089	0.606456161
0.309	0.7348122
0.3091	0.666306257
0.3092	0.658765197
0.3093	0.795630038
0.3094	0.738003671
0.3095	0.487078577
0.3096	0.460479528
0.3097	0.687959969
0.3098	0.756148458
0.3099	0.584949434
0.31	0.510738075
0.3101	0.643638372
0.3102	0.693886697
0.3103	0.585882425
0.3104	0.601959646
0.3105	0.762068987
0.3106	0.783790231
0.3107	0.70246309
0.3108	0.763734162
0.3109	0.881350756
0.311	0.867191076
0.3111	0.761026204
0.3112	0.695637465
0.3113	0.695828378
0.3114	0.700941145
0.3115	0.70709908
0.3116	0.708795309
0.3117	0.645879507
0.3118	0.53731668
0.3119	0.54293716
0.312	0.704194009
0.3121	0.82788676
0.3122	0.747353792
0.3123	0.596748352
0.3124	0.581335068
0.3125	0.665063262
0.3126	0.688583016
0.3127	0.63601172
0.3128	0.603417754
0.3129	0.598832905
0.313	0.558496714
0.3131	0.556943417
0.3132	0.678224862
0.3133	0.813168466
0.3134	0.803011179
0.3135	0.714627147
0.3136	0.742649615
0.3137	0.87266463
0.3138	0.876571596
0.3139	0.728742242
0.314	0.7118752
0.3141	0.867422938
0.3142	0.877965212
0.3143	0.690725565
0.3144	0.582875073
0.3145	0.563933074
0.3146	0.459474593
0.3147	0.384694785
0.3148	0.506837964
0.3149	0.624634981
0.315	0.472098053
0.3151	0.236552075
0.3152	0.306597322
0.3153	0.566964626
0.3154	0.610676169
0.3155	0.491244346
0.3156	0.535160482
0.3157	0.660045981
0.3158	0.586570561
0.3159	0.443032861
0.316	0.520064354
0.3161	0.731205285
0.3162	0.787049949
0.3163	0.722413778
0.3164	0.7735852
0.3165	0.85755825
0.3166	0.731283426
0.3167	0.584782302
0.3168	0.739815831
0.3169	0.960061669
0.317	0.875179172
0.3171	0.665996313
0.3172	0.696727335
0.3173	0.81082195
0.3174	0.701584637
0.3175	0.520480037
0.3176	0.544922829
0.3177	0.620803058
0.3178	0.537255287
0.3179	0.430075556
0.318	0.451776654
0.3181	0.493795425
0.3182	0.509310961
0.3183	0.574151695
0.3184	0.615795732
0.3185	0.542596459
0.3186	0.446156502
0.3187	0.513486981
0.3188	0.69492203
0.3189	0.759772658
0.319	0.710488379
0.3191	0.727376461
0.3192	0.808376253
0.3193	0.823114991
0.3194	0.830343008
0.3195	0.913249791
0.3196	0.964046717
0.3197	0.853580058
0.3198	0.703226268
0.3199	0.680949569
0.32	0.712746859
0.3201	0.669116497
0.3202	0.630251765
0.3203	0.644281864
0.3204	0.58520484
0.3205	0.472854078
0.3206	0.439585626
0.3207	0.437456697
0.3208	0.375903249
0.3209	0.368845403
0.321	0.495076239
0.3211	0.568303108
0.3212	0.506146729
0.3213	0.48666662
0.3214	0.627012491
0.3215	0.757848322
0.3216	0.750402749
0.3217	0.753410101
0.3218	0.918005407
0.3219	1.09582305
0.322	1.07565105
0.3221	0.919827461
0.3222	0.840704858
0.3223	0.862439752
0.3224	0.887202501
0.3225	0.891767204
0.3226	0.89256382
0.3227	0.862286627
0.3228	0.795776963
0.3229	0.725366592
0.323	0.689227164
0.3231	0.727519691
0.3232	0.792843997
0.3233	0.778387964
0.3234	0.685762823
0.3235	0.620251298
0.3236	0.622819483
0.3237	0.619971693
0.3238	0.566037774
0.3239	0.535474181
0.324	0.544831097
0.3241	0.543073237
0.3242	0.532762468
0.3243	0.550972342
0.3244	0.618715048
0.3245	0.699033558
0.3246	0.741192102
0.3247	0.738201439
0.3248	0.704050779
0.3249	0.689512908
0.325	0.720713854
0.3251	0.753815532
0.3252	0.741246641
0.3253	0.736355245
0.3254	0.754615903
0.3255	0.706111491
0.3256	0.57484293
0.3257	0.493148506
0.3258	0.564866066
0.3259	0.681467831
0.326	0.682189465
0.3261	0.559538841
0.3262	0.457730681
0.3263	0.486826569
0.3264	0.57972753
0.3265	0.5927459
0.3266	0.520943105
0.3267	0.485246003
0.3268	0.556759596
0.3269	0.652027547
0.327	0.641533017
0.3271	0.555754662
0.3272	0.553533971
0.3273	0.670009255
0.3274	0.765311301
0.3275	0.723207295
0.3276	0.633566022
0.3277	0.634614944
0.3278	0.705317974
0.3279	0.742306173
0.328	0.757736146
0.3281	0.795807362
0.3282	0.783085346
0.3283	0.711469769
0.3284	0.710263312
0.3285	0.784304142
0.3286	0.776231766
0.3287	0.687316418
0.3288	0.661316276
0.3289	0.666933656
0.329	0.584938884
0.3291	0.481287897
0.3292	0.487517804
0.3293	0.529165506
0.3294	0.500982523
0.3295	0.458275616
0.3296	0.474860549
0.3297	0.510349989
0.3298	0.523552477
0.3299	0.586362898
0.33	0.737073779
0.3301	0.856315255
0.3302	0.818754852
0.3303	0.720485747
0.3304	0.736542463
0.3305	0.850105822
0.3306	0.930839658
0.3307	0.942287683
0.3308	0.907758832
0.3309	0.845752537
0.331	0.810307443
0.3311	0.844145
0.3312	0.888602376
0.3313	0.880924881
0.3314	0.835316241
0.3315	0.796260536
0.3316	0.803249896
0.3317	0.85478586
0.3318	0.856901109
0.3319	0.697980881
0.332	0.479452223
0.3321	0.454423219
0.3322	0.594963491
0.3323	0.627700627
0.3324	0.48917678
0.3325	0.399419576
0.3326	0.43600601
0.3327	0.473041624
0.3328	0.51605171
0.3329	0.645405829
0.333	0.75329107
0.3331	0.69787854
0.3332	0.600226283
0.3333	0.656932592
0.3334	0.785575092
0.3335	0.764016867
0.3336	0.655491829
0.3337	0.655675948
0.3338	0.726988375
0.3339	0.73439312
0.334	0.710811973
0.3341	0.714000404
0.3342	0.671667635
0.3343	0.602194905
0.3344	0.598134518
0.3345	0.635470212
0.3346	0.563704908
0.3347	0.421910793
0.3348	0.395553559
0.3349	0.462008953
0.335	0.454702526
0.3351	0.390345663
0.3352	0.364169121
0.3353	0.34961763
0.3354	0.34878999
0.3355	0.435995489
0.3356	0.562614739
0.3357	0.598151922
0.3358	0.535800874
0.3359	0.500948727
0.336	0.565111578
0.3361	0.690307081
0.3362	0.784406483
0.3363	0.794488728
0.3364	0.741559744
0.3365	0.690913379
0.3366	0.689227164
0.3367	0.710839272
0.3368	0.696104288
0.3369	0.623616397
0.337	0.585916519
0.3371	0.621692061
0.3372	0.62202251
0.3373	0.529570997
0.3374	0.487405598
0.3375	0.603352964
0.3376	0.732049704
0.3377	0.699306309
0.3378	0.581393361
0.3379	0.544708371
0.338	0.561657488
0.3381	0.527094901
0.3382	0.475119382
0.3383	0.524097443
0.3384	0.631924391
0.3385	0.67421937
0.3386	0.649670482
0.3387	0.635412216
0.3388	0.63839978
0.3389	0.664882898
0.339	0.762055337
0.3391	0.876388073
0.3392	0.886266351
0.3393	0.805048347
0.3394	0.775727749
0.3395	0.82721597
0.3396	0.829627573
0.3397	0.723966718
0.3398	0.624199152
0.3399	0.606091619
0.34	0.606210649
0.3401	0.600682557
0.3402	0.638259649
0.3403	0.690429211
0.3404	0.659817874
0.3405	0.594915748
0.3406	0.650780857
0.3407	0.803849399
0.3408	0.842230558
0.3409	0.696396887
0.341	0.567567229
0.3411	0.599623024
0.3412	0.683749855
0.3413	0.709585726
0.3414	0.7079373
0.3415	0.701730967
0.3416	0.644619107
0.3417	0.585419357
0.3418	0.646213651
0.3419	0.799131572
0.342	0.854165912
0.3421	0.771732152
0.3422	0.731644213
0.3423	0.828377783
0.3424	0.907582164
0.3425	0.854526699
0.3426	0.767406166
0.3427	0.71731776
0.3428	0.645085931
0.3429	0.555434465
0.343	0.555768311
0.3431	0.639795899
0.3432	0.631641686
0.3433	0.514202356
0.3434	0.480869144
0.3435	0.582483232
0.3436	0.631747067
0.3437	0.570122004
0.3438	0.576900601
0.3439	0.694717407
0.344	0.753188789
0.3441	0.672523141
0.3442	0.598505914
0.3443	0.619075894
0.3444	0.64106679
0.3445	0.631280541
0.3446	0.650607228
0.3447	0.679505646
0.3448	0.635732412
0.3449	0.569134116
0.345	0.581246734
0.3451	0.636386156
0.3452	0.651561379
0.3453	0.690351129
0.3454	0.822232783
0.3455	0.889460981
0.3456	0.753587425
0.3457	0.602375627
0.3458	0.639118314
0.3459	0.725840211
0.346	0.689567506
0.3461	0.622683406
0.3462	0.638903797
0.3463	0.658877373
0.3464	0.59471488
0.3465	0.533133864
0.3466	0.574011922
0.3467	0.644847274
0.3468	0.618667364
0.3469	0.556197286
0.347	0.588314533
0.3471	0.661800444
0.3472	0.657770813
0.3473	0.621136606
0.3474	0.638988733
0.3475	0.675043285
0.3476	0.674447477
0.3477	0.673272073
0.3478	0.701901436
0.3479	0.699997544
0.348	0.686522305
0.3481	0.730486155
0.3482	0.780802667
0.3483	0.730138958
0.3484	0.662075758
0.3485	0.709364414
0.3486	0.789942026
0.3487	0.786971211
0.3488	0.768393695
0.3489	0.801615059
0.349	0.792963028
0.3491	0.734451354
0.3492	0.73330009
0.3493	0.796099961
0.3494	0.808689356
0.3495	0.731072009
0.3496	0.654207945
0.3497	0.66302675
0.3498	0.717426896
0.3499	0.692493677
0.35	0.581904233
0.3501	0.52340585
0.3502	0.583770871
0.3503	0.646516204
0.3504	0.618871629
0.3505	0.563180089
0.3506	0.573613584
0.3507	0.606650174
0.3508	0.613612533
0.3509	0.644745588
0.351	0.732053399
0.3511	0.770117819
0.3512	0.724791288
0.3513	0.724491239
0.3514	0.825683475
0.3515	0.884154201
0.3516	0.788565695
0.3517	0.679736912
0.3518	0.692054093
0.3519	0.755218506
0.352	0.749400854
0.3521	0.714947045
0.3522	0.722669184
0.3523	0.725472629
0.3524	0.687305927
0.3525	0.662923813
0.3526	0.670094192
0.3527	0.629751146
0.3528	0.552402854
0.3529	0.546690643
0.353	0.598720372
0.3531	0.575973749
0.3532	0.497562885
0.3533	0.468388587
0.3534	0.476614714
0.3535	0.485937536
0.3536	0.553639352
0.3537	0.657981575
0.3538	0.656118631
0.3539	0.554041088
0.354	0.553029656
0.3541	0.701860487
0.3542	0.801839471
0.3543	0.76014775
0.3544	0.708693624
0.3545	0.712542295
0.3546	0.697078228
0.3547	0.675881445
0.3548	0.699220777
0.3549	0.688297212
0.355	0.612376094
0.3551	0.60744065
0.3552	0.69536835
0.3553	0.682291746
0.3554	0.528882861
0.3555	0.463640362
0.3556	0.559777498
0.3557	0.614998758
0.3558	0.550250113
0.3559	0.549691498
0.356	0.648733735
0.3561	0.639673173
0.3562	0.543744326
0.3563	0.596053362
0.3564	0.738470495
0.3565	0.72951901
0.3566	0.642401576
0.3567	0.701298833
0.3568	0.806165516
0.3569	0.757855177
0.357	0.662675858
0.3571	0.729767621
0.3572	0.85771513
0.3573	0.829903483
0.3574	0.719950676
0.3575	0.721687794
0.3576	0.777683079
0.3577	0.74614799
0.3578	0.699391246
0.3579	0.739959002
0.358	0.788919687
0.3581	0.728902817
0.3582	0.612467825
0.3583	0.592238486
0.3584	0.660458267
0.3585	0.652470171
0.3586	0.542170584
0.3587	0.501278877
0.3588	0.587745726
0.3589	0.650362372
0.359	0.59261322
0.3591	0.536110878
0.3592	0.589220583
0.3593	0.683953822
0.3594	0.707957745
0.3595	0.676075459
0.3596	0.646898091
0.3597	0.638903797
0.3598	0.659320652
0.3599	0.696911454
0.36	0.714218616
0.3601	0.674215615
0.3602	0.619034946
0.3603	0.619287312
0.3604	0.674981892
0.3605	0.73244828
0.3606	0.75387013
0.3607	0.744914889
0.3608	0.724344909
0.3609	0.733644187
0.361	0.781102717
0.3611	0.803158104
0.3612	0.745769799
0.3613	0.668680668
0.3614	0.653618336
0.3615	0.663254857
0.3616	0.631522357
0.3617	0.598086774
0.3618	0.614746749
0.3619	0.65504241
0.362	0.684924662
0.3621	0.702821434
0.3622	0.706387401
0.3623	0.686733663
0.3624	0.674692988
0.3625	0.703345895
0.3626	0.759445965
0.3627	0.790275514
0.3628	0.751104534
0.3629	0.648576915
0.363	0.574093461
0.3631	0.585609972
0.3632	0.617802203
0.3633	0.60249126
0.3634	0.574349165
0.3635	0.59485811
0.3636	0.617945075
0.3637	0.599766254
0.3638	0.589922369
0.3639	0.622281373
0.364	0.638236105
0.3641	0.626638055
0.3642	0.636508942
0.3643	0.659326851
0.3644	0.642776608
0.3645	0.61585027
0.3646	0.630166829
0.3647	0.666054606
0.3648	0.690967321
0.3649	0.703757584
0.365	0.71005255
0.3651	0.71520251
0.3652	0.709728956
0.3653	0.687207341
0.3654	0.670073748
0.3655	0.68874979
0.3656	0.729154527
0.3657	0.735827684
0.3658	0.702984512
0.3659	0.681559563
0.366	0.692806721
0.3661	0.693392575
0.3662	0.66748172
0.3663	0.626525223
0.3664	0.577884734
0.3665	0.553527176
0.3666	0.57229495
0.3667	0.603257835
0.3668	0.608935952
0.3669	0.596234083
0.367	0.5909338
0.3671	0.596785843
0.3672	0.590957999
0.3673	0.551292539
0.3674	0.499371588
0.3675	0.500975728
0.3676	0.550430477
0.3677	0.571937561
0.3678	0.54809761
0.3679	0.542170584
0.368	0.578116298
0.3681	0.614072263
0.3682	0.641815722
0.3683	0.674004853
0.3684	0.686897337
0.3685	0.657899737
0.3686	0.631318092
0.3687	0.662838876
0.3688	0.730009437
0.3689	0.753740549
0.369	0.721633255
0.3691	0.686181903
0.3692	0.666664004
0.3693	0.635623634
0.3694	0.608693838
0.3695	0.625050366
0.3696	0.672114015
0.3697	0.677301764
0.3698	0.639891386
0.3699	0.638011098
0.37	0.674702883
0.3701	0.668742061
0.3702	0.628017426
0.3703	0.610512793
0.3704	0.600117147
0.3705	0.568071544
0.3706	0.563987613
0.3707	0.590712488
0.3708	0.580098927
0.3709	0.548822939
0.371	0.587851405
0.3711	0.669791043
0.3712	0.679332078
0.3713	0.62978524
0.3714	0.635913134
0.3715	0.704350233
0.3716	0.739649057
0.3717	0.734256685
0.3718	0.747919202
0.3719	0.754046798
0.372	0.688215375
0.3721	0.607208788
0.3722	0.613653183
0.3723	0.662961662
0.3724	0.664440215
0.3725	0.62899822
0.3726	0.625608921
0.3727	0.650246441
0.3728	0.670326054
0.3729	0.703216374
0.373	0.736600757
0.3731	0.725397587
0.3732	0.66987288
0.3733	0.642428815
0.3734	0.656404436
0.3735	0.651748598
0.3736	0.613101423
0.3737	0.589530528
0.3738	0.586117387
0.3739	0.588907182
0.374	0.60485512
0.3741	0.634240508
0.3742	0.65014416
0.3743	0.638947845
0.3744	0.637261569
0.3745	0.66552639
0.3746	0.6777004
0.3747	0.64145118
0.3748	0.584135115
0.3749	0.56496495
0.375	0.572278202
0.3751	0.549160242
0.3752	0.522203505
0.3753	0.54221487
0.3754	0.56070745
0.3755	0.534288824
0.3756	0.542872369
0.3757	0.647558928
0.3758	0.73034668
0.3759	0.69673413
0.376	0.651434898
0.3761	0.691808641
0.3762	0.740306199
0.3763	0.714269459
0.3764	0.645774126
0.3765	0.595362127
0.3766	0.593192279
0.3767	0.622989655
0.3768	0.631886899
0.3769	0.597477376
0.377	0.564341605
0.3771	0.58035773
0.3772	0.624553144
0.3773	0.648222923
0.3774	0.649834156
0.3775	0.66834718
0.3776	0.69534111
0.3777	0.682210505
0.3778	0.657882988
0.3779	0.671174169
0.378	0.691270471
0.3781	0.663492918
0.3782	0.611984253
0.3783	0.594966888
0.3784	0.613299191
0.3785	0.643583834
0.3786	0.673527479
0.3787	0.675418317
0.3788	0.640340865
0.3789	0.621572733
0.379	0.664678276
0.3791	0.715782166
0.3792	0.702368259
0.3793	0.654384613
0.3794	0.643399715
0.3795	0.660812259
0.3796	0.660488665
0.3797	0.649496913
0.3798	0.654279232
0.3799	0.649487019
0.38	0.625129104
0.3801	0.621542037
0.3802	0.653972983
0.3803	0.687166393
0.3804	0.682046831
0.3805	0.663734734
0.3806	0.685466528
0.3807	0.740531206
0.3808	0.768223882
0.3809	0.737301886
0.381	0.693842053
0.3811	0.690439761
0.3812	0.719020784
0.3813	0.748780906
0.3814	0.764439642
0.3815	0.746488988
0.3816	0.685527861
0.3817	0.626804829
0.3818	0.651629567
0.3819	0.718349993
0.382	0.709660769
0.3821	0.634046495
0.3822	0.589176238
0.3823	0.586911261
0.3824	0.571538925
0.3825	0.564443886
0.3826	0.595344782
0.3827	0.625997663
0.3828	0.61332643
0.3829	0.607409656
0.383	0.651632667
0.3831	0.683085918
0.3832	0.650225997
0.3833	0.605952144
0.3834	0.623633742
0.3835	0.68974787
0.3836	0.731065214
0.3837	0.71971947
0.3838	0.686000884
0.3839	0.682315886
0.384	0.699050248
0.3841	0.688678503
0.3842	0.664661527
0.3843	0.679900587
0.3844	0.714862108
0.3845	0.705447555
0.3846	0.663363397
0.3847	0.663830221
0.3848	0.685006499
0.3849	0.666132689
0.385	0.622407496
0.3851	0.612570107
0.3852	0.623432577
0.3853	0.62454325
0.3854	0.623344243
0.3855	0.624396622
0.3856	0.617066324
0.3857	0.598512709
0.3858	0.587173462
0.3859	0.601776123
0.386	0.620292246
0.3861	0.622185886
0.3862	0.60542053
0.3863	0.615540326
0.3864	0.663380742
0.3865	0.696764529
0.3866	0.68401581
0.3867	0.672979414
0.3868	0.68781364
0.3869	0.693883002
0.387	0.669924319
0.3871	0.659569263
0.3872	0.670918703
0.3873	0.651090801
0.3874	0.605502367
0.3875	0.613540947
0.3876	0.666660905
0.3877	0.676180899
0.3878	0.624747217
0.3879	0.594738781
0.388	0.615475833
0.3881	0.634390533
0.3882	0.639319181
0.3883	0.654183745
0.3884	0.660011888
0.3885	0.635562241
0.3886	0.624008238
0.3887	0.663073838
0.3888	0.702943563
0.3889	0.69449985
0.389	0.666466832
0.3891	0.663326204
0.3892	0.680850983
0.3893	0.692156434
0.3894	0.68095696
0.3895	0.663417935
0.3896	0.665611923
0.3897	0.68400836
0.3898	0.684836626
0.3899	0.653502405
0.39	0.610812545
0.3901	0.585861981
0.3902	0.574141145
0.3903	0.566821396
0.3904	0.591765165
0.3905	0.64356643
0.3906	0.66373843
0.3907	0.626079142
0.3908	0.590569258
0.3909	0.615666449
0.391	0.655662358
0.3911	0.66006273
0.3912	0.641086638
0.3913	0.65028733
0.3914	0.669143796
0.3915	0.664324284
0.3916	0.666991353
0.3917	0.70110786
0.3918	0.720087111
0.3919	0.688174486
0.392	0.664388776
0.3921	0.697629988
0.3922	0.736665189
0.3923	0.728902817
0.3924	0.70529753
0.3925	0.702862322
0.3926	0.721602857
0.3927	0.733569205
0.3928	0.708458006
0.3929	0.653152168
0.393	0.587940037
0.3931	0.53885293
0.3932	0.519396663
0.3933	0.533604085
0.3934	0.55992043
0.3935	0.549023807
0.3936	0.500069976
0.3937	0.481080234
0.3938	0.523664713
0.3939	0.563319921
0.394	0.557566762
0.3941	0.562465012
0.3942	0.617737412
0.3943	0.668796599
0.3944	0.656694531
0.3945	0.625251532
0.3946	0.62326926
0.3947	0.618408501
0.3948	0.59681654
0.3949	0.61080575
0.395	0.662273526
0.3951	0.667992532
0.3952	0.604620159
0.3953	0.565125227
0.3954	0.616848409
0.3955	0.690013826
0.3956	0.705188394
0.3957	0.690974176
0.3958	0.687942624
0.3959	0.669252932
0.396	0.620217204
0.3961	0.591925085
0.3962	0.615516722
0.3963	0.627911747
0.3964	0.591540098
0.3965	0.562887192
0.3966	0.585140049
0.3967	0.602937281
0.3968	0.56518656
0.3969	0.528722882
0.397	0.548366666
0.3971	0.591802359
0.3972	0.620087624
0.3973	0.64370966
0.3974	0.670925558
0.3975	0.669351459
0.3976	0.653233349
0.3977	0.658158898
0.3978	0.677009106
0.3979	0.683099508
0.398	0.68486017
0.3981	0.68919301
0.3982	0.671065032
0.3983	0.640668154
0.3984	0.644285619
0.3985	0.66400069
0.3986	0.648199379
0.3987	0.614630818
0.3988	0.634339094
0.3989	0.679975569
0.399	0.675122023
0.3991	0.641989291
0.3992	0.648376048
0.3993	0.658915222
0.3994	0.625190139
0.3995	0.607413352
0.3996	0.653731167
0.3997	0.691869974
0.3998	0.659753382
0.3999	0.623262405
0.4	0.643699765
0.4001	0.670376897
0.4002	0.651717603
0.4003	0.62803793
0.4004	0.630500376
0.4005	0.619127333
0.4006	0.58000344
0.4007	0.55705905
0.4008	0.563479841
0.4009	0.552726507
0.401	0.506473422
0.4011	0.466273308
0.4012	0.460861117
0.4013	0.455710888
0.4014	0.40420559
0.4015	0.333203167
0.4016	0.308811158
0.4017	0.331285328
0.4018	0.332504779
0.4019	0.284940541
0.402	0.23094523
0.4021	0.21133554
0.4022	0.205909714
0.4023	0.19216229
0.4024	0.186991274
0.4025	0.1968389
0.4026	0.190520346
0.4027	0.147983611
0.4028	0.120938219
0.4029	0.14199549
0.403	0.180093691
0.4031	0.184903279
0.4032	0.162855014
0.4033	0.144056216
0.4034	0.142608628
0.4035	0.15100494
0.4036	0.161768541
0.4037	0.169687808
0.4038	0.169023842
0.4039	0.166404545
0.404	0.170713201
0.4041	0.179858729
0.4042	0.172910318
0.4043	0.152707949
0.4044	0.135418117
0.4045	0.126810715
0.4046	0.123973191
0.4047	0.111622207
0.4048	0.081249222
0.4049	0.049608748
0.405	0.034938212
0.4051	0.029808732
0.4052	0.03023774
0.4053	0.04652635
0.4054	0.05974558
0.4055	0.049592011
0.4056	0.033194289
0.4057	0.060614131
0.4058	0.117477335
0.4059	0.148695618
0.406	0.141821593
0.4061	0.134454086
0.4062	0.145197242
0.4063	0.149945438
0.4064	0.140309542
0.4065	0.144373015
0.4066	0.160514995
0.4067	0.167068511
0.4068	0.155957431
0.4069	0.14036037
0.407	0.142898142
0.4071	0.163621575
0.4072	0.179123163
0.4073	0.173465475
0.4074	0.164902404
0.4075	0.15858385
0.4076	0.140602157
0.4077	0.116837233
0.4078	0.10252782
0.4079	0.098481089
0.408	0.087809548
0.4081	0.071858197
0.4082	0.059667464
0.4083	0.056966335
0.4084	0.053284131
0.4085	0.042186689
0.4086	0.049104728
0.4087	0.087077074
0.4088	0.118986301
0.4089	0.115174837
0.409	0.096675791
0.4091	0.080711104
0.4092	0.074661613
0.4093	0.081810899
0.4094	0.090401568
0.4095	0.077631801
0.4096	0.038017511
0.4097	-0.000946139
0.4098	-0.016420443
0.4099	-0.015913012
0.41	-0.005149412
0.4101	0.006414857
0.4102	-0.007387127
0.4103	-0.053725414
0.4104	-0.082828112
0.4105	-0.063307077
0.4106	-0.0554557
0.4107	-0.078263722
0.4108	-0.086084411
0.4109	-0.063378684
0.411	-0.048762701
0.4111	-0.051868968
0.4112	-0.041476719
0.4113	-0.032453634
0.4114	-0.046054751
0.4115	-0.056501556
0.4116	-0.035934661
0.4117	-0.011280423
0.4118	-0.014523391
0.4119	-0.026421193
0.412	-0.02619987
0.4121	-0.01682589
0.4122	-0.002778716
0.4123	0.003440949
0.4124	-0.005469617
0.4125	-0.013569595
0.4126	-0.001855608
0.4127	0.01356414
0.4128	0.007777201
0.4129	-0.00837161
0.413	-0.035280611
0.4131	-0.087542228
0.4132	-0.133232981
0.4133	-0.116099991
0.4134	-0.071447968
0.4135	-0.088236883
0.4136	-0.151511014
0.4137	-0.170725167
0.4138	-0.120381378
0.4139	-0.072779626
0.414	-0.068225466
0.4141	-0.066141188
0.4142	-0.03658871
0.4143	-0.006362037
0.4144	-0.0135014
0.4145	-0.041561961
0.4146	-0.058729045
0.4147	-0.067214012
0.4148	-0.078835934
0.4149	-0.084776312
0.415	-0.071018659
0.4151	-0.053050905
0.4152	-0.06199557
0.4153	-0.091888398
0.4154	-0.088001922
0.4155	-0.039851826
0.4156	-0.004498772
0.4157	0.006148898
0.4158	0.016963644
0.4159	0.029341908
0.416	0.030840643
0.4161	0.033367876
0.4162	0.059473421
0.4163	0.075189501
0.4164	0.055831823
0.4165	0.037966367
0.4166	0.04176078
0.4167	0.033933271
0.4168	0.009180461
0.4169	0.005696023
0.417	0.026105762
0.4171	0.03265617
0.4172	0.022567077
0.4173	0.027505923
0.4174	0.034945033
0.4175	0.024178023
0.4176	0.020656077
0.4177	0.051846772
0.4178	0.072106794
0.4179	0.056002311
0.418	0.036951195
0.4181	0.038317259
0.4182	0.043212086
0.4183	0.039590951
0.4184	0.034566861
0.4185	0.034362588
0.4186	0.044482369
0.4187	0.055045106
0.4188	0.062661208
0.4189	0.073809803
0.419	0.083708569
0.4191	0.088722117
0.4192	0.10090293
0.4193	0.112845056
0.4194	0.108192317
0.4195	0.094853438
0.4196	0.089648947
0.4197	0.090820655
0.4198	0.083435789
0.4199	0.070447803
0.42	0.069667906
0.4201	0.076252408
0.4202	0.06731426
0.4203	0.047861416
0.4204	0.042745262
0.4205	0.055480931
0.4206	0.052936651
0.4207	0.03420233
0.4208	0.02857193
0.4209	0.03303434
0.421	0.027969336
0.4211	0.020070221
0.4212	0.019634087
0.4213	0.017379321
0.4214	0.008471857
0.4215	-0.000782782
0.4216	0.004738817
0.4217	0.020042945
0.4218	0.030741761
0.4219	0.034110576
0.422	0.037005752
0.4221	0.037227076
0.4222	0.035370938
0.4223	0.020002028
0.4224	0.00534172
0.4225	0.010141077
0.4226	0.013526943
0.4227	-0.008749781
0.4228	-0.036128707
0.4229	-0.026928624
0.423	-0.00580687
0.4231	-0.00913477
0.4232	-0.021369826
0.4233	-0.009846475
0.4234	0.00918728
0.4235	0.008281222
0.4236	0.006322484
0.4237	0.009664023
0.4238	0.011783018
0.4239	0.010236239
0.424	0.011885
0.4241	0.003543241
0.4242	-0.006818631
0.4243	0.000664805
0.4244	0.00445612
0.4245	-0.013981553
0.4246	-0.02413574
0.4247	-0.001634286
0.4248	0.013765314
0.4249	-0.001286803
0.425	-0.008886171
0.4251	0.017812047
0.4252	0.031640999
0.4253	0.003253723
0.4254	-0.015153262
0.4255	0.002426088
0.4256	0.013138543
0.4257	-0.006941072
0.4258	-0.02249039
0.4259	-0.008811156
0.426	0.000235799
0.4261	-0.011791574
0.4262	-0.005707988
0.4263	0.024723269
0.4264	0.047016732
0.4265	0.045160286
0.4266	0.042251471
0.4267	0.056353204
0.4268	0.081899554
0.4269	0.100320488
0.427	0.093027681
0.4271	0.068465821
0.4272	0.067283571
0.4273	0.088095345
0.4274	0.086661398
0.4275	0.054091308
0.4276	0.047582127
0.4277	0.071609594
0.4278	0.072794944
0.4279	0.057613563
0.428	0.074572966
0.4281	0.107739136
0.4282	0.102405071
0.4283	0.079177961
0.4284	0.084941655
0.4285	0.102544561
0.4286	0.097748615
0.4287	0.085162975
0.4288	0.088395402
0.4289	0.083180368
0.429	0.058567051
0.4291	0.055191413
0.4292	0.080768757
0.4293	0.0808881
0.4294	0.047612816
0.4295	0.043889694
0.4296	0.088020645
0.4297	0.115948223
0.4298	0.092244372
0.4299	0.070005156
0.43	0.0959365
0.4301	0.130329251
0.4302	0.128210559
0.4303	0.110917009
0.4304	0.104295306
0.4305	0.110201895
0.4306	0.114926234
0.4307	0.110253043
0.4308	0.101550162
0.4309	0.097071007
0.431	0.10118904
0.4311	0.104441926
0.4312	0.096638285
0.4313	0.082240522
0.4314	0.069501139
0.4315	0.074623801
0.4316	0.087761812
0.4317	0.089839585
0.4318	0.075720802
0.4319	0.076156937
0.432	0.092850685
0.4321	0.101826034
0.4322	0.087707259
0.4323	0.073445268
0.4324	0.081855536
0.4325	0.098937683
0.4326	0.103937902
0.4327	0.093685143
0.4328	0.081265964
0.4329	0.068959303
0.433	0.070812337
0.4331	0.087591328
0.4332	0.098999061
0.4333	0.097016454
0.4334	0.079024836
0.4335	0.05986492
0.4336	0.060992301
0.4337	0.068622045
0.4338	0.060164664
0.4339	0.036573026
0.434	0.034992769
0.4341	0.055413045
0.4342	0.059296113
0.4343	0.041001339
0.4344	0.031981662
0.4345	0.041798599
0.4346	0.042288978
0.4347	0.031957794
0.4348	0.039383266
0.4349	0.05010967
0.435	0.042401191
0.4351	0.034464568
0.4352	0.043920383
0.4353	0.050548904
0.4354	0.045633618
0.4355	0.054666933
0.4356	0.073731691
0.4357	0.065713234
0.4358	0.038865607
0.4359	0.028350607
0.436	0.042735036
0.4361	0.039161943
0.4362	0.012072535
0.4363	-0.002669915
0.4364	0.002551938
0.4365	0.007208395
0.4366	0.005007877
0.4367	0.0089455
0.4368	0.014804043
0.4369	0.017379321
0.437	0.020420805
0.4371	0.022791499
0.4372	0.023384174
0.4373	0.026204953
0.4374	0.026718894
0.4375	0.022761121
0.4376	0.013703939
0.4377	0.013479206
0.4378	0.022059336
0.4379	0.026654419
0.438	0.029025113
0.4381	0.03420233
0.4382	0.031821717
0.4383	0.023915783
0.4384	0.03086761
0.4385	0.040892228
0.4386	0.037292168
0.4387	0.033957448
0.4388	0.050225291
0.4389	0.058250256
0.439	0.030745169
0.4391	0.003444668
0.4392	0.015826033
0.4393	0.038804233
0.4394	0.035888597
0.4395	0.025499448
0.4396	0.021194194
0.4397	0.010267236
0.4398	-0.002887518
0.4399	0.000777326
0.44	0.021201015
0.4401	0.028469946
0.4402	0.014109077
0.4403	0.007600205
0.4404	0.023956699
0.4405	0.033940092
0.4406	0.018145582
0.4407	0.006847273
0.4408	0.034243248
0.4409	0.058120996
0.441	0.037227076
0.4411	0.011840674
0.4412	0.035258416
0.4413	0.057364963
0.4414	0.033800602
0.4415	0.024569832
0.4416	0.072341755
0.4417	0.096927799
0.4418	0.050712261
0.4419	0.01816263
0.442	0.04779353
0.4421	0.070907809
0.4422	0.048906963
0.4423	0.037697308
0.4424	0.067379043
0.4425	0.08614374
0.4426	0.054953352
0.4427	0.028847808
0.4428	0.050841834
0.4429	0.064892419
0.443	0.040129378
0.4431	0.02510795
0.4432	0.052517563
0.4433	0.067930803
0.4434	0.036886722
0.4435	0.014487247
0.4436	0.041079454
0.4437	0.066633239
0.4438	0.053525914
0.4439	0.033630114
0.444	0.054360677
0.4441	0.07949166
0.4442	0.065580562
0.4443	0.034675974
0.4444	0.044887818
0.4445	0.064330429
0.4446	0.0351118
0.4447	-0.001913574
0.4448	0.022880154
0.4449	0.069412485
0.445	0.04832793
0.4451	-0.002788946
0.4452	0.008386923
0.4453	0.057354424
0.4454	0.062004063
0.4455	0.044128377
0.4456	0.070757776
0.4457	0.110494822
0.4458	0.10187687
0.4459	0.074034847
0.446	0.079177961
0.4461	0.08214815
0.4462	0.068288513
0.4463	0.071285978
0.4464	0.090163194
0.4465	0.077512465
0.4466	0.044356517
0.4467	0.04715994
0.4468	0.064126156
0.4469	0.050698623
0.447	0.037496135
0.4471	0.062027622
0.4472	0.08790502
0.4473	0.081725962
0.4474	0.07689251
0.4475	0.081572838
0.4476	0.068870954
0.4477	0.053692989
0.4478	0.058349136
0.4479	0.066929579
0.448	0.053733908
0.4481	0.0385454
0.4482	0.032254133
0.4483	0.035428595
0.4484	0.045422524
0.4485	0.048355207
0.4486	0.036191754
0.4487	0.034434192
0.4488	0.051570896
0.4489	0.07002221
0.449	0.075124718
0.4491	0.079266615
0.4492	0.064248905
0.4493	0.046648789
0.4494	0.058154784
0.4495	0.090231083
0.4496	0.087182783
0.4497	0.050831605
0.4498	0.039332431
0.4499	0.066132322