0  0
0.0001	-0.071036719
0.0002	-0.054720178
0.0003	-0.040478174
0.0004	-0.027244437
0.0005	-0.016010493
0.0006	-0.002592534
0.0007	0.013778282
0.0008	0.027682854
0.0009	0.037074558
0.001	0.052202016
0.0011	0.070190839
0.0012	0.080944687
0.0013	0.088619448
0.0014	0.102050431
0.0015	0.120622016
0.0016	0.129710093
0.0017	0.131685689
0.0018	0.136959031
0.0019	0.142388672
0.002	0.141060024
0.0021	0.135446459
0.0022	0.132101282
0.0023	0.129362732
0.0024	0.117382586
0.0025	0.101406582
0.0026	0.091885857
0.0027	0.083969809
0.0028	0.06793239
0.0029	0.053646035
0.003	0.046843704
0.0031	0.039809696
0.0032	0.02692673
0.0033	0.01436414
0.0034	0.006992698
0.0035	-0.004571856
0.0036	-0.021007493
0.0037	-0.04266157
0.0038	-0.058405899
0.0039	-0.068692982
0.004	-0.080046639
0.0041	-0.095988221
0.0042	-0.106629483
0.0043	-0.102347672
0.0044	-0.100525282
0.0045	-0.107368864
0.0046	-0.109835103
0.0047	-0.099067613
0.0048	-0.090595789
0.0049	-0.085792944
0.005	-0.0808741
0.0051	-0.072402582
0.0052	-0.060453143
0.0053	-0.049065679
0.0054	-0.040553227
0.0055	-0.023501029
0.0056	-0.006908462
0.0057	0.005265831
0.0058	0.023016466
0.0059	0.046063699
0.006	0.062663086
0.0061	0.071890727
0.0062	0.084184423
0.0063	0.10244555
0.0064	0.115744106
0.0065	0.122083403
0.0066	0.123071201
0.0067	0.132203624
0.0068	0.138788238
0.0069	0.134574354
0.007	0.131342053
0.0071	0.133869395
0.0072	0.134397566
0.0073	0.124212518
0.0074	0.117713198
0.0075	0.115607955
0.0076	0.110896908
0.0077	0.0999455
0.0078	0.084463552
0.0079	0.076366685
0.008	0.065193839
0.0081	0.049269319
0.0082	0.032731336
0.0083	0.022450767
0.0084	0.011564183
0.0085	-0.004994269
0.0086	-0.023177242
0.0087	-0.029342854
0.0088	-0.035351533
0.0089	-0.0527514
0.009	-0.070117153
0.0091	-0.078138962
0.0092	-0.084924541
0.0093	-0.093630835
0.0094	-0.100958236
0.0095	-0.10265781
0.0096	-0.102797374
0.0097	-0.103730902
0.0098	-0.103873879
0.0099	-0.098291025
0.01	-0.08908695
0.0101	-0.082679741
0.0102	-0.071472466
0.0103	-0.053088523
0.0104	-0.040185399
0.0105	-0.031172069
0.0106	-0.016494004
0.0107	0.005449744
0.0108	0.021837618
0.0109	0.031137209
0.011	0.042092025
0.0111	0.060462326
0.0112	0.081009507
0.0113	0.089038141
0.0114	0.096668549
0.0115	0.115597725
0.0116	0.126961306
0.0117	0.12505053
0.0118	0.128286541
0.0119	0.140113473
0.012	0.140675455
0.0121	0.135827944
0.0122	0.12893039
0.0123	0.130527616
0.0124	0.131832391
0.0125	0.119872712
0.0126	0.107405335
0.0127	0.109752484
0.0128	0.112010933
0.0129	0.090138517
0.013	0.071883902
0.0131	0.072987698
0.0132	0.062220208
0.0133	0.032288454
0.0134	0.007888696
0.0135	-2.08409E-05
0.0136	-0.006469302
0.0137	-0.027520463
0.0138	-0.050158929
0.0139	-0.052359693
0.014	-0.049453977
0.0141	-0.064155608
0.0142	-0.078775682
0.0143	-0.078156017
0.0144	-0.078200057
0.0145	-0.089570463
0.0146	-0.099013031
0.0147	-0.097040839
0.0148	-0.09190397
0.0149	-0.09434633
0.015	-0.0977154
0.0151	-0.085360602
0.0152	-0.071530774
0.0153	-0.068086967
0.0154	-0.064319365
0.0155	-0.045161929
0.0156	-0.018578775
0.0157	-0.005679062
0.0158	0.004069925
0.0159	0.023574721
0.016	0.043689255
0.0161	0.05681413
0.0162	0.064611398
0.0163	0.078257002
0.0164	0.097240761
0.0165	0.107129306
0.0166	0.113499306
0.0167	0.122734077
0.0168	0.134250864
0.0169	0.136887386
0.017	0.133239195
0.0171	0.131219238
0.0172	0.131454319
0.0173	0.125309184
0.0174	0.119289957
0.0175	0.115785047
0.0176	0.1097866
0.0177	0.098978169
0.0178	0.093674444
0.0179	0.088799946
0.018	0.07588318
0.0181	0.063943662
0.0182	0.059580281
0.0183	0.048461713
0.0184	0.030472888
0.0185	0.010075504
0.0186	-0.00567534
0.0187	-0.019246509
0.0188	-0.04104387
0.0189	-0.060974181
0.019	-0.064039931
0.0191	-0.066737853
0.0192	-0.083844632
0.0193	-0.100808129
0.0194	-0.098083228
0.0195	-0.094199948
0.0196	-0.102198184
0.0197	-0.110577583
0.0198	-0.098352432
0.0199	-0.083415397
0.02	-0.084890433
0.0201	-0.088702068
0.0202	-0.074477121
0.0203	-0.053643677
0.0204	-0.047222819
0.0205	-0.046681002
0.0206	-0.026716577
0.0207	0.002554264
0.0208	0.01346473
0.0209	0.01447331
0.021	0.031644601
0.0211	0.056511123
0.0212	0.06648837
0.0213	0.068842039
0.0214	0.086354174
0.0215	0.109585628
0.0216	0.11991024
0.0217	0.118816681
0.0218	0.127097458
0.0219	0.143342659
0.022	0.143304825
0.0221	0.133348048
0.0222	0.136066437
0.0223	0.142392084
0.0224	0.133930489
0.0225	0.114555337
0.0226	0.107190721
0.0227	0.108883776
0.0228	0.103866003
0.0229	0.083966084
0.023	0.066140704
0.0231	0.063821159
0.0232	0.060560949
0.0233	0.041584324
0.0234	0.021602841
0.0235	0.013304696
0.0236	0.00346701
0.0237	-0.020067144
0.0238	-0.040662088
0.0239	-0.051944103
0.024	-0.06070498
0.0241	-0.074364848
0.0242	-0.089281105
0.0243	-0.095841527
0.0244	-0.093586795
0.0245	-0.098985739
0.0246	-0.106329888
0.0247	-0.101540685
0.0248	-0.093716122
0.0249	-0.097974055
0.025	-0.100484654
0.0251	-0.087734424
0.0252	-0.070001155
0.0253	-0.065381914
0.0254	-0.061052646
0.0255	-0.039483551
0.0256	-0.016245581
0.0257	-0.004810045
0.0258	0.008382752
0.0259	0.029835856
0.026	0.052804932
0.0261	0.065043733
0.0262	0.073018089
0.0263	0.086272299
0.0264	0.099114321
0.0265	0.105733052
0.0266	0.115836218
0.0267	0.126780808
0.0268	0.128531545
0.0269	0.128463313
0.027	0.132721558
0.0271	0.135807469
0.0272	0.132864535
0.0273	0.12627992
0.0274	0.120145328
0.0275	0.119995214
0.0276	0.116105422
0.0277	0.105310641
0.0278	0.096852459
0.0279	0.092485674
0.028	0.078969084
0.0281	0.065316662
0.0282	0.055506263
0.0283	0.04150958
0.0284	0.02004252
0.0285	0.005262419
0.0286	-0.007460514
0.0287	-0.022496171
0.0288	-0.044344395
0.0289	-0.058426369
0.029	-0.061430708
0.0291	-0.068529539
0.0292	-0.0843421
0.0293	-0.093225792
0.0294	-0.094244294
0.0295	-0.097115584
0.0296	-0.105188563
0.0297	-0.109600022
0.0298	-0.103322133
0.0299	-0.095058106
0.03	-0.095977984
0.0301	-0.089516185
0.0302	-0.074794084
0.0303	-0.060017083
0.0304	-0.0538279
0.0305	-0.04113226
0.0306	-0.021303987
0.0307	-0.000954367
0.0308	0.01219439
0.0309	0.025632199
0.031	0.045072485
0.0311	0.060298879
0.0312	0.068586484
0.0313	0.079589061
0.0314	0.099053226
0.0315	0.111632563
0.0316	0.113257706
0.0317	0.118554302
0.0318	0.130490407
0.0319	0.138689309
0.032	0.136982903
0.0321	0.129911065
0.0322	0.132418245
0.0323	0.136236712
0.0324	0.126964718
0.0325	0.114398718
0.0326	0.113666467
0.0327	0.111734912
0.0328	0.099202715
0.0329	0.083646022
0.033	0.073737003
0.0331	0.06536752
0.0332	0.04834944
0.0333	0.032080662
0.0334	0.019058131
0.0335	0.008491612
0.0336	-0.008083899
0.0337	-0.027220866
0.0338	-0.03636694
0.0339	-0.045809194
0.034	-0.062800296
0.0341	-0.075141445
0.0342	-0.077675611
0.0343	-0.081783742
0.0344	-0.094445266
0.0345	-0.102048077
0.0346	-0.100637861
0.0347	-0.098001346
0.0348	-0.101274893
0.0349	-0.102139875
0.035	-0.091794796
0.0351	-0.081337452
0.0352	-0.079041779
0.0353	-0.074933648
0.0354	-0.059448287
0.0355	-0.043008927
0.0356	-0.030245366
0.0357	-0.015063321
0.0358	0.00476154
0.0359	0.021916084
0.036	0.034819208
0.0361	0.056504298
0.0362	0.074632689
0.0363	0.087665454
0.0364	0.09495502
0.0365	0.107912727
0.0366	0.120921917
0.0367	0.124883354
0.0368	0.123336993
0.0369	0.131256759
0.037	0.139612287
0.0371	0.138209209
0.0372	0.131141081
0.0373	0.130970508
0.0374	0.130306184
0.0375	0.120949209
0.0376	0.112228654
0.0377	0.109339997
0.0378	0.104636081
0.0379	0.090765312
0.038	0.075542331
0.0381	0.067567974
0.0382	0.059532519
0.0383	0.040501002
0.0384	0.023752121
0.0385	0.01559044
0.0386	0.002050284
0.0387	-0.01869818
0.0388	-0.036898211
0.0389	-0.044085737
0.039	-0.056154273
0.0391	-0.075219601
0.0392	-0.085391
0.0393	-0.091362461
0.0394	-0.09390004
0.0395	-0.104678072
0.0396	-0.110543467
0.0397	-0.10153386
0.0398	-0.094775565
0.0399	-0.095177509
0.04	-0.091287404
0.0401	-0.078152604
0.0402	-0.065331049
0.0403	-0.060964257
0.0404	-0.051807642
0.0405	-0.028923852
0.0406	-0.002660765
0.0407	0.022437122
0.0408	0.043321427
0.0409	0.066621117
0.041	0.08256983
0.0411	0.085216574
0.0412	0.086888857
0.0413	0.093285836
0.0414	0.096276842
0.0415	0.098037824
0.0416	0.099430978
0.0417	0.09525492
0.0418	0.084211715
0.0419	0.077405661
0.042	0.080236323
0.0421	0.086592361
0.0422	0.092029139
0.0423	0.102452375
0.0424	0.116439134
0.0425	0.127754956
0.0426	0.127843663
0.0427	0.121041015
0.0428	0.118980125
0.0429	0.112450093
0.043	0.092485674
0.0431	0.076594956
0.0432	0.064444542
0.0433	0.044207193
0.0434	0.01662259
0.0435	-0.004197206
0.0436	-0.021058356
0.0437	-0.037582692
0.0438	-0.055714801
0.0439	-0.069766074
0.044	-0.077603966
0.0441	-0.090152912
0.0442	-0.100212038
0.0443	-0.103618629
0.0444	-0.101043217
0.0445	-0.101527035
0.0446	-0.101203248
0.0447	-0.092564881
0.0448	-0.075805768
0.0449	-0.065334462
0.045	-0.063154474
0.0451	-0.054945033
0.0452	-0.044978015
0.0453	-0.040675733
0.0454	-0.043945864
0.0455	-0.042361971
0.0456	-0.033699721
0.0457	-0.027575048
0.0458	-0.017689599
0.0459	8.80188E-05
0.046	0.022198934
0.0461	0.043897051
0.0462	0.063862093
0.0463	0.085097171
0.0464	0.107252128
0.0465	0.125295535
0.0466	0.140821829
0.0467	0.15007025
0.0468	0.154188305
0.0469	0.153884992
0.047	0.149409026
0.0471	0.139942899
0.0472	0.128841698
0.0473	0.119627386
0.0474	0.112950973
0.0475	0.104595147
0.0476	0.099901155
0.0477	0.098698735
0.0478	0.097973317
0.0479	0.091511205
0.048	0.079827555
0.0481	0.071032256
0.0482	0.06091544
0.0483	0.048540179
0.0484	0.030891579
0.0485	0.012861814
0.0486	-0.001063226
0.0487	-0.016426083
0.0488	-0.035215382
0.0489	-0.054188907
0.049	-0.066826552
0.0491	-0.076623298
0.0492	-0.087097704
0.0493	-0.09585207
0.0494	-0.103393465
0.0495	-0.10578838
0.0496	-0.112655535
0.0497	-0.120163128
0.0498	-0.112767801
0.0499	-0.099023268
0.05	-0.092922471
0.0501	-0.085394412
0.0502	-0.070076212
0.0503	-0.053960644
0.0504	-0.046125848
0.0505	-0.038887456
0.0506	-0.020336347
0.0507	-0.000947544
0.0508	0.007152731
0.0509	0.016189942
0.051	0.034529846
0.0511	0.051708274
0.0512	0.060551025
0.0513	0.070766464
0.0514	0.090111226
0.0515	0.108066246
0.0516	0.114848107
0.0517	0.118700691
0.0518	0.127806127
0.0519	0.135204554
0.052	0.137773141
0.0521	0.134700581
0.0522	0.135953858
0.0523	0.135024056
0.0524	0.13066408
0.0525	0.121218108
0.0526	0.116384551
0.0527	0.109490104
0.0528	0.093834475
0.0529	0.08073689
0.053	0.06954699
0.0531	0.059593927
0.0532	0.046629086
0.0533	0.031627543
0.0534	0.020808879
0.0535	0.012766602
0.0536	-0.003096824
0.0537	-0.018428976
0.0538	-0.027060524
0.0539	-0.033682354
0.054	-0.050346255
0.0541	-0.066792436
0.0542	-0.072228901
0.0543	-0.07413286
0.0544	-0.074112393
0.0545	-0.066806078
0.0546	-0.057322577
0.0547	-0.058852192
0.0548	-0.064264782
0.0549	-0.066989683
0.055	-0.063764215
0.0551	-0.064380772
0.0552	-0.061859947
0.0553	-0.048152935
0.0554	-0.03360761
0.0555	-0.025633253
0.0556	-0.020285483
0.0557	-0.008104368
0.0558	0.001464116
0.0559	0.006035601
0.056	0.005357632
0.0561	0.009339849
0.0562	0.020965811
0.0563	0.032939132
0.0564	0.050314806
0.0565	0.073198594
0.0566	0.100521125
0.0567	0.120298535
0.0568	0.137156591
0.0569	0.150458544
0.057	0.153779551
0.0571	0.148135275
0.0572	0.147406146
0.0573	0.13966687
0.0574	0.123060964
0.0575	0.109479874
0.0576	0.100326978
0.0577	0.092890717
0.0578	0.09043812
0.0579	0.093388185
0.058	0.090472229
0.0581	0.084487431
0.0582	0.068930425
0.0583	0.041557033
0.0584	0.017729795
0.0585	0.001266866
0.0586	-0.020012869
0.0587	-0.032197397
0.0588	-0.034949593
0.0589	-0.035378829
0.059	-0.033049043
0.0591	-0.029005421
0.0592	-0.028106321
0.0593	-0.035086054
0.0594	-0.045124713
0.0595	-0.05434553
0.0596	-0.064997338
0.0597	-0.067422643
0.0598	-0.065255992
0.0599	-0.063597359
0.06	-0.061195623
0.0601	-0.059151791
0.0602	-0.063825622
0.0603	-0.073969729
0.0604	-0.069534399
0.0605	-0.049154069
0.0606	-0.021501238
0.0607	0.002135263
0.0608	0.034253821
0.0609	0.073300943
0.061	0.103821963
0.0611	0.122189157
0.0612	0.14243643
0.0613	0.162343174
0.0614	0.166386485
0.0615	0.165047601
0.0616	0.171090707
0.0617	0.180992901
0.0618	0.179344192
0.0619	0.170470744
0.062	0.178043157
0.0621	0.206734955
0.0622	0.22513938
0.0623	0.212985545
0.0624	0.189655468
0.0625	0.174861714
0.0626	0.164672956
0.0627	0.152590767
0.0628	0.145594299
0.0629	0.145549625
0.063	0.150802195
0.0631	0.151521102
0.0632	0.138781413
0.0633	0.123711646
0.0634	0.114729017
0.0635	0.107933193
0.0636	0.091950677
0.0637	0.0666757
0.0638	0.04545055
0.0639	0.035946883
0.064	0.021810636
0.0641	0.004240503
0.0642	-0.010556966
0.0643	-0.016248683
0.0644	-0.013847257
0.0645	-0.010972556
0.0646	-0.009585913
0.0647	-0.00265084
0.0648	0.012514456
0.0649	0.027740851
0.065	0.036703009
0.0651	0.052746937
0.0652	0.071298048
0.0653	0.081070915
0.0654	0.078403696
0.0655	0.070589684
0.0656	0.060302291
0.0657	0.042708587
0.0658	0.023036936
0.0659	0.026044687
0.066	0.060564671
0.0661	0.103525467
0.0662	0.136771396
0.0663	0.181009963
0.0664	0.246207595
0.0665	0.297919661
0.0666	0.318753093
0.0667	0.327050626
0.0668	0.330797732
0.0669	0.310564101
0.067	0.292019814
0.0671	0.30405423
0.0672	0.324455053
0.0673	0.31482175
0.0674	0.287986428
0.0675	0.275958836
0.0676	0.282628447
0.0677	0.276455998
0.0678	0.251419514
0.0679	0.242089227
0.068	0.256484747
0.0681	0.248503566
0.0682	0.212293938
0.0683	0.192775488
0.0684	0.203065991
0.0685	0.214371875
0.0686	0.211265191
0.0687	0.214559212
0.0688	0.230572432
0.0689	0.239674464
0.069	0.225664139
0.0691	0.204258174
0.0692	0.19566074
0.0693	0.17871058
0.0694	0.146023214
0.0695	0.116633281
0.0696	0.106073588
0.0697	0.099775232
0.0698	0.094383113
0.0699	0.103484526
0.07	0.126658291
0.0701	0.145089999
0.0702	0.157935441
0.0703	0.188977495
0.0704	0.233518779
0.0705	0.253061414
0.0706	0.242992043
0.0707	0.236795723
0.0708	0.247692853
0.0709	0.25990808
0.071	0.267967433
0.0711	0.284181625
0.0712	0.313050836
0.0713	0.329772413
0.0714	0.329983622
0.0715	0.338417917
0.0716	0.364527494
0.0717	0.376521289
0.0718	0.363611341
0.0719	0.356301308
0.072	0.374027729
0.0721	0.394139171
0.0722	0.388603777
0.0723	0.398192734
0.0724	0.441146702
0.0725	0.469800979
0.0726	0.447394192
0.0727	0.413510919
0.0728	0.406190634
0.0729	0.400750756
0.073	0.361993015
0.0731	0.313479751
0.0732	0.301925421
0.0733	0.315605462
0.0734	0.305928111
0.0735	0.291311145
0.0736	0.306490093
0.0737	0.32957828
0.0738	0.308186561
0.0739	0.268004954
0.074	0.272378892
0.0741	0.295722604
0.0742	0.282223076
0.0743	0.245887533
0.0744	0.236192808
0.0745	0.241377443
0.0746	0.227748588
0.0747	0.205178052
0.0748	0.205743745
0.0749	0.229035988
0.075	0.218350381
0.0751	0.170807868
0.0752	0.161982164
0.0753	0.201093793
0.0754	0.228286684
0.0755	0.243680254
0.0756	0.282471806
0.0757	0.314345062
0.0758	0.312788457
0.0759	0.309576005
0.076	0.330443561
0.0761	0.352997035
0.0762	0.348422468
0.0763	0.328788012
0.0764	0.336772293
0.0765	0.375904709
0.0766	0.396707147
0.0767	0.405128092
0.0768	0.431319535
0.0769	0.457776487
0.077	0.449124455
0.0771	0.439269722
0.0772	0.465532809
0.0773	0.490542293
0.0774	0.483926982
0.0775	0.45706439
0.0776	0.439212024
0.0777	0.436807185
0.0778	0.440717459
0.0779	0.453562886
0.078	0.475312501
0.0781	0.477778733
0.0782	0.432177722
0.0783	0.379409939
0.0784	0.366022974
0.0785	0.360549003
0.0786	0.318504363
0.0787	0.274000287
0.0788	0.263297319
0.0789	0.268869936
0.079	0.257499546
0.0791	0.260020375
0.0792	0.297081649
0.0793	0.316889763
0.0794	0.275900841
0.0795	0.233948007
0.0796	0.243959382
0.0797	0.267946959
0.0798	0.261022121
0.0799	0.248438746
0.08	0.260970622
0.0801	0.276210994
0.0802	0.269721597
0.0803	0.258051574
0.0804	0.26627779
0.0805	0.270287275
0.0806	0.238911197
0.0807	0.208683267
0.0808	0.228007555
0.0809	0.279508412
0.081	0.318201035
0.0811	0.348173738
0.0812	0.388610601
0.0813	0.414423674
0.0814	0.413606137
0.0815	0.423713028
0.0816	0.460934341
0.0817	0.478807181
0.0818	0.466915727
0.0819	0.476473987
0.082	0.501418948
0.0821	0.499715656
0.0822	0.481528968
0.0823	0.47860992
0.0824	0.478034288
0.0825	0.442744225
0.0826	0.388229102
0.0827	0.37113598
0.0828	0.394414902
0.0829	0.408323169
0.083	0.402695656
0.0831	0.409014493
0.0832	0.418136686
0.0833	0.401506901
0.0834	0.390228301
0.0835	0.406248659
0.0836	0.398992896
0.0837	0.347914755
0.0838	0.304844499
0.0839	0.306779444
0.084	0.31514895
0.0841	0.29617542
0.0842	0.273982942
0.0843	0.278483093
0.0844	0.27917099
0.0845	0.248047039
0.0846	0.228746623
0.0847	0.253841102
0.0848	0.267064929
0.0849	0.220738471
0.085	0.164060116
0.0851	0.16838938
0.0852	0.206911743
0.0853	0.222679958
0.0854	0.224533051
0.0855	0.254468203
0.0856	0.294155777
0.0857	0.311350644
0.0858	0.32809642
0.0859	0.361216426
0.086	0.377165139
0.0861	0.34986648
0.0862	0.320306271
0.0863	0.324189246
0.0864	0.339473635
0.0865	0.345346481
0.0866	0.367804438
0.0867	0.414342105
0.0868	0.453535616
0.0869	0.459360689
0.087	0.458986014
0.0871	0.484220058
0.0872	0.506405711
0.0873	0.485984474
0.0874	0.462773472
0.0875	0.464398623
0.0876	0.439065635
0.0877	0.376439393
0.0878	0.339725792
0.0879	0.348797113
0.088	0.360862225
0.0881	0.356144369
0.0882	0.354403853
0.0883	0.37343505
0.0884	0.389642745
0.0885	0.377110541
0.0886	0.364500195
0.0887	0.372222394
0.0888	0.364680707
0.0889	0.333502173
0.089	0.316940635
0.0891	0.312430531
0.0892	0.285523921
0.0893	0.24156478
0.0894	0.214828417
0.0895	0.210836276
0.0896	0.212433502
0.0897	0.21942687
0.0898	0.241002798
0.0899	0.2538957
0.09	0.233975306
0.0901	0.216037348
0.0902	0.217965484
0.0903	0.214395761
0.0904	0.193266138
0.0905	0.200170502
0.0906	0.24201107
0.0907	0.27379933
0.0908	0.284413308
0.0909	0.306612611
0.091	0.370464832
0.0911	0.427207708
0.0912	0.436514109
0.0913	0.425147116
0.0914	0.442986131
0.0915	0.45056197
0.0916	0.402835548
0.0917	0.354056478
0.0918	0.360419363
0.0919	0.377331972
0.092	0.364595711
0.0921	0.355810642
0.0922	0.395116746
0.0923	0.450578719
0.0924	0.466568381
0.0925	0.463533312
0.0926	0.480435401
0.0927	0.485020548
0.0928	0.441392004
0.0929	0.400709838
0.093	0.422432125
0.0931	0.457814008
0.0932	0.436033696
0.0933	0.388133585
0.0934	0.375434548
0.0935	0.365269959
0.0936	0.321229249
0.0937	0.276738852
0.0938	0.257786095
0.0939	0.239681289
0.094	0.207296938
0.0941	0.192983285
0.0942	0.227496445
0.0943	0.27654469
0.0944	0.283384562
0.0945	0.271527231
0.0946	0.299721569
0.0947	0.327888608
0.0948	0.301836729
0.0949	0.265044659
0.095	0.264080733
0.0951	0.264224023
0.0952	0.237620085
0.0953	0.208560452
0.0954	0.219658554
0.0955	0.255295664
0.0956	0.272712588
0.0957	0.269129217
0.0958	0.275590718
0.0959	0.296707004
0.096	0.314266592
0.0961	0.323770553
0.0962	0.330562651
0.0963	0.340131134
0.0964	0.357656926
0.0965	0.38057825
0.0966	0.399810404
0.0967	0.414335281
0.0968	0.42692858
0.0969	0.446324199
0.097	0.472992629
0.0971	0.487299472
0.0972	0.477608174
0.0973	0.463100672
0.0974	0.460590065
0.0975	0.465396643
0.0976	0.454281807
0.0977	0.412639111
0.0978	0.374971181
0.0979	0.375352979
0.098	0.376800418
0.0981	0.351842076
0.0982	0.342658788
0.0983	0.359758765
0.0984	0.361417383
0.0985	0.333246917
0.0986	0.319604427
0.0987	0.34140861
0.0988	0.356454492
0.0989	0.322727859
0.099	0.274041235
0.0991	0.265245616
0.0992	0.27255255
0.0993	0.249709398
0.0994	0.221944302
0.0995	0.21254608
0.0996	0.205195099
0.0997	0.193000346
0.0998	0.18847011
0.0999	0.213537291
0.1	0.25178051
0.1001	0.271980047
0.1002	0.269762516
0.1003	0.270968348
0.1004	0.268396676
0.1005	0.252921522
0.1006	0.237742901
0.1007	0.237879053
0.1008	0.248714775
0.1009	0.267160118
0.101	0.285850793
0.1011	0.301959544
0.1012	0.345887989
0.1013	0.401506901
0.1014	0.423706204
0.1015	0.432014257
0.1016	0.462031007
0.1017	0.48423031
0.1018	0.46772334
0.1019	0.471368104
0.102	0.509134054
0.1021	0.506606698
0.1022	0.451931238
0.1023	0.416597128
0.1024	0.423576564
0.1025	0.428008467
0.1026	0.390548676
0.1027	0.354111075
0.1028	0.357152939
0.1029	0.364598811
0.103	0.341858
0.1031	0.33628881
0.1032	0.380448908
0.1033	0.40465793
0.1034	0.362722158
0.1035	0.334762603
0.1036	0.361458331
0.1037	0.382700533
0.1038	0.36043641
0.1039	0.333325386
0.104	0.318626851
0.1041	0.29269439
0.1042	0.247720152
0.1043	0.198648021
0.1044	0.174309671
0.1045	0.180366114
0.1046	0.183718115
0.1047	0.189692691
0.1048	0.218558177
0.1049	0.252349317
0.105	0.26309976
0.1051	0.262105137
0.1052	0.258044749
0.1053	0.243281409
0.1054	0.227132037
0.1055	0.222925276
0.1056	0.239745796
0.1057	0.274838299
0.1058	0.314120203
0.1059	0.356968731
0.106	0.390909672
0.1061	0.396986902
0.1062	0.405492216
0.1063	0.442597836
0.1064	0.473367274
0.1065	0.461097777
0.1066	0.426952451
0.1067	0.404163867
0.1068	0.389629096
0.1069	0.370611221
0.107	0.351903498
0.1071	0.356972128
0.1072	0.387520432
0.1073	0.416648
0.1074	0.441197872
0.1075	0.47922647
0.1076	0.504331172
0.1077	0.491921812
0.1078	0.480112255
0.1079	0.480646938
0.108	0.438785881
0.1081	0.373850644
0.1082	0.357851058
0.1083	0.368656099
0.1084	0.32883206
0.1085	0.254202425
0.1086	0.214811042
0.1087	0.222526744
0.1088	0.237466872
0.1089	0.239173576
0.109	0.260630101
0.1091	0.313837349
0.1092	0.340243399
0.1093	0.30055958
0.1094	0.26397869
0.1095	0.276956886
0.1096	0.267780095
0.1097	0.210870072
0.1098	0.166730434
0.1099	0.175294057
0.11	0.199503079
0.1101	0.20835638
0.1102	0.227755412
0.1103	0.264291942
0.1104	0.282768011
0.1105	0.284624517
0.1106	0.301356643
0.1107	0.325807571
0.1108	0.324288189
0.1109	0.306847692
0.111	0.316314131
0.1111	0.347543508
0.1112	0.370910823
0.1113	0.389237076
0.1114	0.425487638
0.1115	0.477134883
0.1116	0.496145934
0.1117	0.474924207
0.1118	0.446208507
0.1119	0.426308602
0.112	0.412645936
0.1121	0.401408255
0.1122	0.391873896
0.1123	0.392919689
0.1124	0.407716542
0.1125	0.414583683
0.1126	0.408469558
0.1127	0.408057392
0.1128	0.429551423
0.1129	0.445081145
0.113	0.43869409
0.1131	0.437631547
0.1132	0.454257607
0.1133	0.451985508
0.1134	0.39739877
0.1135	0.329394341
0.1136	0.29969427
0.1137	0.301302046
0.1138	0.296465069
0.1139	0.269977152
0.114	0.249794379
0.1141	0.237286374
0.1142	0.223514542
0.1143	0.216926828
0.1144	0.218350381
0.1145	0.207518369
0.1146	0.175941318
0.1147	0.160091549
0.1148	0.185577735
0.1149	0.237416014
0.115	0.27529794
0.1151	0.278963178
0.1152	0.275461674
0.1153	0.289420545
0.1154	0.29557249
0.1155	0.27511403
0.1156	0.271155685
0.1157	0.30181998
0.1158	0.326038927
0.1159	0.323480874
0.116	0.311609924
0.1161	0.31245783
0.1162	0.315087825
0.1163	0.315809846
0.1164	0.338322401
0.1165	0.391672939
0.1166	0.435750842
0.1167	0.447513282
0.1168	0.462552041
0.1169	0.495014846
0.117	0.503271759
0.1171	0.476130038
0.1172	0.461431503
0.1173	0.462960809
0.1174	0.448408961
0.1175	0.413773
0.1176	0.410404235
0.1177	0.431455404
0.1178	0.423307657
0.1179	0.382002085
0.118	0.365164518
0.1181	0.386478066
0.1182	0.396295279
0.1183	0.3779383
0.1184	0.364265114
0.1185	0.364156246
0.1186	0.355619907
0.1187	0.325395077
0.1188	0.310475409
0.1189	0.313231319
0.119	0.294516772
0.1191	0.259672999
0.1192	0.24265492
0.1193	0.236520007
0.1194	0.208271086
0.1195	0.18585375
0.1196	0.206141964
0.1197	0.231008485
0.1198	0.2209903
0.1199	0.215410858
0.12	0.236581117
0.1201	0.249941081
0.1202	0.249958128
0.1203	0.266584516
0.1204	0.302092284
0.1205	0.322223872
0.1206	0.303553671
0.1207	0.28035292
0.1208	0.300065517
0.1209	0.332225025
0.121	0.334425479
0.1211	0.337085873
0.1212	0.361046135
0.1213	0.377042323
0.1214	0.373186648
0.1215	0.384495646
0.1216	0.422428727
0.1217	0.454574585
0.1218	0.45895502
0.1219	0.463622034
0.122	0.494033873
0.1221	0.511365175
0.1222	0.484036148
0.1223	0.45219022
0.1224	0.438867778
0.1225	0.419386864
0.1226	0.398012221
0.1227	0.411198199
0.1228	0.425324202
0.1229	0.407427192
0.123	0.371827275
0.1231	0.366496265
0.1232	0.395310879
0.1233	0.410077333
0.1234	0.379546076
0.1235	0.345346481
0.1236	0.333931416
0.1237	0.303669661
0.1238	0.253129333
0.1239	0.238621846
0.124	0.258106172
0.1241	0.254699588
0.1242	0.23708199
0.1243	0.254791677
0.1244	0.296526492
0.1245	0.311187506
0.1246	0.294676811
0.1247	0.28518647
0.1248	0.274895996
0.1249	0.22175014
0.125	0.141751647
0.1251	0.099421054
0.1252	0.115444198
0.1253	0.150952294
0.1254	0.169656619
0.1255	0.192121714
0.1256	0.239599407
0.1257	0.28694436
0.1258	0.320830733
0.1259	0.379164606
0.126	0.455351174
0.1261	0.482544363
0.1262	0.446031421
0.1263	0.419570774
0.1264	0.44495523
0.1265	0.467001021
0.1266	0.434889287
0.1267	0.392377883
0.1268	0.377055973
0.1269	0.368124515
0.127	0.354291588
0.1271	0.373765349
0.1272	0.436016947
0.1273	0.485245407
0.1274	0.486100465
0.1275	0.476715893
0.1276	0.501721978
0.1277	0.516985893
0.1278	0.476211905
0.1279	0.421618015
0.128	0.394568086
0.1281	0.367105991
0.1282	0.300528854
0.1283	0.221879482
0.1284	0.200378299
0.1285	0.25590539
0.1286	0.313970387
0.1287	0.318381548
0.1288	0.308894932
0.1289	0.326359302
0.129	0.346126169
0.1291	0.321651667
0.1292	0.274296492
0.1293	0.249716222
0.1294	0.247457772
0.1295	0.235317588
0.1296	0.220680475
0.1297	0.227469161
0.1298	0.247975707
0.1299	0.250428319
0.13	0.247951522
0.1301	0.267937034
0.1302	0.290834159
0.1303	0.290534556
0.1304	0.283905596
0.1305	0.283745557
0.1306	0.279613853
0.1307	0.264356762
0.1308	0.27536276
0.1309	0.321164757
0.131	0.349621475
0.1311	0.331863999
0.1312	0.327449441
0.1313	0.368329197
0.1314	0.408711463
0.1315	0.404712528
0.1316	0.407777965
0.1317	0.464412272
0.1318	0.523495436
0.1319	0.51036036
0.132	0.465764493
0.1321	0.465869933
0.1322	0.502103448
0.1323	0.498833299
0.1324	0.442168593
0.1325	0.391499251
0.1326	0.383116126
0.1327	0.365140647
0.1328	0.315513343
0.1329	0.306203842
0.133	0.354472071
0.1331	0.373653084
0.1332	0.33310023
0.1333	0.324703783
0.1334	0.39452374
0.1335	0.432586491
0.1336	0.380707562
0.1337	0.316688776
0.1338	0.312352389
0.1339	0.315878063
0.134	0.259380221
0.1341	0.198395878
0.1342	0.207780749
0.1343	0.232098326
0.1344	0.193412527
0.1345	0.151309893
0.1346	0.18985644
0.1347	0.241162837
0.1348	0.232565403
0.1349	0.237190843
0.135	0.307508588
0.1351	0.349192232
0.1352	0.28743127
0.1353	0.215066597
0.1354	0.24302958
0.1355	0.298924506
0.1356	0.265859097
0.1357	0.208236977
0.1358	0.247590512
0.1359	0.328556359
0.136	0.334442526
0.1361	0.321055591
0.1362	0.39721483
0.1363	0.510268509
0.1364	0.539811969
0.1365	0.498220176
0.1366	0.492184192
0.1367	0.527017415
0.1368	0.495304227
0.1369	0.401149303
0.137	0.353991657
0.1371	0.379341692
0.1372	0.387840807
0.1373	0.354948759
0.1374	0.349362195
0.1375	0.400318116
0.1376	0.450377733
0.1377	0.465553284
0.1378	0.474362224
0.1379	0.489653438
0.138	0.476964623
0.1381	0.421226293
0.1382	0.361209601
0.1383	0.320026845
0.1384	0.290347219
0.1385	0.26527974
0.1386	0.268767893
0.1387	0.299026847
0.1388	0.315956235
0.1389	0.299769342
0.139	0.280676395
0.1391	0.279589981
0.1392	0.267027378
0.1393	0.219031751
0.1394	0.173686281
0.1395	0.176193476
0.1396	0.181796789
0.1397	0.151640192
0.1398	0.135027766
0.1399	0.173345745
0.14	0.214940682
0.1401	0.223010555
0.1402	0.247774735
0.1403	0.321133733
0.1404	0.386859536
0.1405	0.374480844
0.1406	0.330457211
0.1407	0.34361589
0.1408	0.401575118
0.1409	0.410680264
0.141	0.373312563
0.1411	0.372365385
0.1412	0.410370111
0.1413	0.41817078
0.1414	0.392319888
0.1415	0.385878563
0.1416	0.414147943
0.1417	0.430021614
0.1418	0.416552782
0.1419	0.413473397
0.142	0.442083329
0.1421	0.458931446
0.1422	0.423178345
0.1423	0.39189747
0.1424	0.421785176
0.1425	0.461135298
0.1426	0.439535499
0.1427	0.391734034
0.1428	0.389049739
0.1429	0.415299207
0.143	0.405482292
0.1431	0.371878445
0.1432	0.354567289
0.1433	0.355422348
0.1434	0.359295398
0.1435	0.34154135
0.1436	0.326154917
0.1437	0.319028795
0.1438	0.298290879
0.1439	0.28229472
0.144	0.275768101
0.1441	0.246841207
0.1442	0.200800717
0.1443	0.179834843
0.1444	0.206656486
0.1445	0.249324515
0.1446	0.261120737
0.1447	0.244566008
0.1448	0.255626291
0.1449	0.303015262
0.145	0.305866718
0.1451	0.283657163
0.1452	0.295804173
0.1453	0.308925331
0.1454	0.270324498
0.1455	0.219835639
0.1456	0.207756564
0.1457	0.232844532
0.1458	0.272668242
0.1459	0.29819876
0.146	0.319543332
0.1461	0.357687622
0.1462	0.42216292
0.1463	0.462752998
0.1464	0.455950677
0.1465	0.450006813
0.1466	0.466977119
0.1467	0.480946511
0.1468	0.468847275
0.1469	0.445721269
0.147	0.433870763
0.1471	0.439842224
0.1472	0.444927931
0.1473	0.439855874
0.1474	0.443653882
0.1475	0.439729661
0.1476	0.385194063
0.1477	0.326785117
0.1478	0.336850762
0.1479	0.371054113
0.148	0.370972216
0.1481	0.36538595
0.1482	0.366714597
0.1483	0.339453161
0.1484	0.292888522
0.1485	0.260143191
0.1486	0.262885123
0.1487	0.300641447
0.1488	0.340294898
0.1489	0.337153792
0.149	0.307253033
0.1491	0.294530421
0.1492	0.303284466
0.1493	0.303720534
0.1494	0.285357058
0.1495	0.25151813
0.1496	0.203536153
0.1497	0.160653517
0.1498	0.150938645
0.1499	0.159992918
0.15	0.147515312
0.1501	0.143032521
0.1502	0.196450979
0.1503	0.267960608
0.1504	0.319475085
0.1505	0.381682038
0.1506	0.455531687
0.1507	0.465345472
0.1508	0.389342844
0.1509	0.323736429
0.151	0.342273593
0.1511	0.40921545
0.1512	0.418358117
0.1513	0.34110561
0.1514	0.31544885
0.1515	0.389502853
0.1516	0.422421902
0.1517	0.392432153
0.1518	0.418828279
0.1519	0.490300387
0.152	0.499014109
0.1521	0.448950469
0.1522	0.432572842
0.1523	0.467808306
0.1524	0.495290577
0.1525	0.468070686
0.1526	0.432184547
0.1527	0.439511627
0.1528	0.438659966
0.1529	0.39491576
0.153	0.371442407
0.1531	0.367003977
0.1532	0.306936085
0.1533	0.221453652
0.1534	0.221910179
0.1535	0.280867457
0.1536	0.291576952
0.1537	0.259860337
0.1538	0.253272295
0.1539	0.27805385
0.154	0.273891121
0.1541	0.237129748
0.1542	0.241547719
0.1543	0.302293271
0.1544	0.315349907
0.1545	0.249814853
0.1546	0.199898198
0.1547	0.233866438
0.1548	0.290507257
0.1549	0.308751643
0.155	0.304735631
0.1551	0.301496208
0.1552	0.30042994
0.1553	0.286773771
0.1554	0.268723547
0.1555	0.264680535
0.1556	0.282073289
0.1557	0.300130337
0.1558	0.277965158
0.1559	0.261826009
0.156	0.302692115
0.1561	0.361270994
0.1562	0.400668889
0.1563	0.435938179
0.1564	0.461724579
0.1565	0.489074081
0.1566	0.526353419
0.1567	0.546113431
0.1568	0.524806738
0.1569	0.495256752
0.157	0.454182863
0.1571	0.375523239
0.1572	0.318671197
0.1573	0.315680206
0.1574	0.322363764
0.1575	0.323218495
0.1576	0.358253002
0.1577	0.431145877
0.1578	0.494292527
0.1579	0.510725081
0.158	0.491339356
0.1581	0.465250254
0.1582	0.430839151
0.1583	0.347100645
0.1584	0.236738041
0.1585	0.159720302
0.1586	0.110866204
0.1587	0.078781761
0.1588	0.105535179
0.1589	0.192329511
0.159	0.283882022
0.1591	0.323116481
0.1592	0.354676157
0.1593	0.413354307
0.1594	0.434037626
0.1595	0.36475575
0.1596	0.27843532
0.1597	0.22657688
0.1598	0.141973078
0.1599	0.031501316
0.16	0.017709326
0.1601	0.097428083
0.1602	0.157400444
0.1603	0.183510333
0.1604	0.269490212
0.1605	0.417046845
0.1606	0.511545718
0.1607	0.504273474
0.1608	0.472686231
0.1609	0.486699969
0.161	0.492259234
0.1611	0.431387484
0.1612	0.383327007
0.1613	0.39264676
0.1614	0.370219499
0.1615	0.312859774
0.1616	0.323497951
0.1617	0.38564688
0.1618	0.414304554
0.1619	0.432293385
0.162	0.506409109
0.1621	0.575224578
0.1622	0.551703453
0.1623	0.459476352
0.1624	0.39458856
0.1625	0.388218582
0.1626	0.360896349
0.1627	0.291175008
0.1628	0.260817438
0.1629	0.295262665
0.163	0.299006373
0.1631	0.257441849
0.1632	0.288524836
0.1633	0.426823109
0.1634	0.518443882
0.1635	0.478572398
0.1636	0.423767596
0.1637	0.431745052
0.1638	0.396785915
0.1639	0.257711053
0.164	0.157158852
0.1641	0.159996018
0.1642	0.14393504
0.1643	0.066290505
0.1644	0.054300435
0.1645	0.136512727
0.1646	0.195769593
0.1647	0.214095861
0.1648	0.273880899
0.1649	0.354298413
0.165	0.376701772
0.1651	0.342161328
0.1652	0.334088355
0.1653	0.36782831
0.1654	0.370931298
0.1655	0.332885623
0.1656	0.296594709
0.1657	0.257554114
0.1658	0.226375908
0.1659	0.257043302
0.166	0.328045547
0.1661	0.377168536
0.1662	0.409784555
0.1663	0.459915847
0.1664	0.518852651
0.1665	0.550960958
0.1666	0.551999927
0.1667	0.54294908
0.1668	0.532059073
0.1669	0.494667172
0.167	0.42023167
0.1671	0.348909378
0.1672	0.304855019
0.1673	0.280165613
0.1674	0.286766946
0.1675	0.321416587
0.1676	0.350738585
0.1677	0.3741301
0.1678	0.417891651
0.1679	0.484315276
0.168	0.520099401
0.1681	0.478459805
0.1682	0.407072693
0.1683	0.367988348
0.1684	0.322619319
0.1685	0.237075165
0.1686	0.178870603
0.1687	0.193776935
0.1688	0.213166058
0.1689	0.194993004
0.169	0.19041501
0.1691	0.249505013
0.1692	0.301666766
0.1693	0.27679342
0.1694	0.227874815
0.1695	0.246653885
0.1696	0.312583745
0.1697	0.303240448
0.1698	0.227820233
0.1699	0.212498322
0.17	0.25652197
0.1701	0.250227332
0.1702	0.220094606
0.1703	0.269840986
0.1704	0.330715865
0.1705	0.289318502
0.1706	0.224260435
0.1707	0.290159911
0.1708	0.430678785
0.1709	0.475574881
0.171	0.444965154
0.1711	0.500461578
0.1712	0.597093284
0.1713	0.577983558
0.1714	0.4720833
0.1715	0.430488378
0.1716	0.463782042
0.1717	0.446617275
0.1718	0.354458421
0.1719	0.305171698
0.172	0.335406452
0.1721	0.362371385
0.1722	0.368788838
0.1723	0.42866227
0.1724	0.532631278
0.1725	0.567141056
0.1726	0.519268215
0.1727	0.468929172
0.1728	0.434637129
0.1729	0.390749633
0.173	0.333877146
0.1731	0.28937307
0.1732	0.282614797
0.1733	0.282655716
0.1734	0.221034646
0.1735	0.129141286
0.1736	0.128998309
0.1737	0.224083334
0.1738	0.270304024
0.1739	0.241557956
0.174	0.255554646
0.1741	0.325725675
0.1742	0.350541025
0.1743	0.295133322
0.1744	0.259025753
0.1745	0.296390027
0.1746	0.314893693
0.1747	0.23175469
0.1748	0.134632349
0.1749	0.143383294
0.175	0.230889395
0.1751	0.268474817
0.1752	0.248602197
0.1753	0.296798795
0.1754	0.410196424
0.1755	0.44007051
0.1756	0.392500371
0.1757	0.416733295
0.1758	0.478943616
0.1759	0.429885447
0.176	0.301271647
0.1761	0.234721497
0.1762	0.25166142
0.1763	0.285380632
0.1764	0.299792916
0.1765	0.334922612
0.1766	0.415660501
0.1767	0.479406983
0.1768	0.497041613
0.1769	0.545606077
0.177	0.629184544
0.1771	0.617030382
0.1772	0.494326651
0.1773	0.415564984
0.1774	0.403707653
0.1775	0.352182925
0.1776	0.295238793
0.1777	0.321828753
0.1778	0.373462349
0.1779	0.36486119
0.178	0.33107686
0.1781	0.328784615
0.1782	0.332184076
0.1783	0.286368728
0.1784	0.215168938
0.1785	0.205808252
0.1786	0.284720033
0.1787	0.345693827
0.1788	0.308577955
0.1789	0.245434403
0.179	0.245338887
0.1791	0.265831798
0.1792	0.241680458
0.1793	0.224417359
0.1794	0.268543035
0.1795	0.306636482
0.1796	0.262844503
0.1797	0.204776108
0.1798	0.227745175
0.1799	0.266567439
0.18	0.237494171
0.1801	0.205586821
0.1802	0.236029685
0.1803	0.284805
0.1804	0.294077009
0.1805	0.277236313
0.1806	0.332535148
0.1807	0.434861988
0.1808	0.442778349
0.1809	0.389077038
0.181	0.406469762
0.1811	0.471711755
0.1812	0.475796312
0.1813	0.44720313
0.1814	0.472720325
0.1815	0.502825737
0.1816	0.455678046
0.1817	0.366578132
0.1818	0.365014404
0.1819	0.457415462
0.182	0.479335338
0.1821	0.410370111
0.1822	0.400696188
0.1823	0.460470974
0.1824	0.424527138
0.1825	0.298832715
0.1826	0.264629066
0.1827	0.327796817
0.1828	0.326543212
0.1829	0.240740418
0.183	0.241081268
0.1831	0.380319268
0.1832	0.498472303
0.1833	0.4772304
0.1834	0.438840479
0.1835	0.489557922
0.1836	0.519618988
0.1837	0.412703633
0.1838	0.277341753
0.1839	0.23175779
0.184	0.200065061
0.1841	0.101965457
0.1842	-0.011629745
0.1843	-0.049311001
0.1844	0.010610187
0.1845	0.084095724
0.1846	0.132523686
0.1847	0.205763906
0.1848	0.312134355
0.1849	0.374971181
0.185	0.344092876
0.1851	0.306520492
0.1852	0.352707386
0.1853	0.400502026
0.1854	0.374037981
0.1855	0.333028913
0.1856	0.337658077
0.1857	0.344671607
0.1858	0.308537036
0.1859	0.328644753
0.186	0.44399783
0.1861	0.516543031
0.1862	0.465958625
0.1863	0.412730902
0.1864	0.45283407
0.1865	0.505932152
0.1866	0.475380719
0.1867	0.404552162
0.1868	0.394516915
0.1869	0.426996797
0.187	0.416658551
0.1871	0.370042413
0.1872	0.375291556
0.1873	0.414836138
0.1874	0.414951831
0.1875	0.409270048
0.1876	0.465059221
0.1877	0.529102206
0.1878	0.4978728
0.1879	0.409498304
0.188	0.363372505
0.1881	0.351562947
0.1882	0.316504568
0.1883	0.251371771
0.1884	0.187986284
0.1885	0.170807868
0.1886	0.202752739
0.1887	0.218561888
0.1888	0.199050277
0.1889	0.221409306
0.189	0.305467874
0.1891	0.343135804
0.1892	0.304017037
0.1893	0.300589979
0.1894	0.329663247
0.1895	0.286474198
0.1896	0.199492842
0.1897	0.166808903
0.1898	0.197891891
0.1899	0.231689557
0.19	0.212130487
0.1901	0.202248454
0.1902	0.281204581
0.1903	0.356539488
0.1904	0.340873629
0.1905	0.334888816
0.1906	0.396046549
0.1907	0.416460663
0.1908	0.366959602
0.1909	0.348807037
0.191	0.372307688
0.1911	0.377117366
0.1912	0.370635092
0.1913	0.40040651
0.1914	0.454039901
0.1915	0.448807806
0.1916	0.378091842
0.1917	0.360811383
0.1918	0.427749515
0.1919	0.482486069
0.192	0.47939676
0.1921	0.460150927
0.1922	0.468366891
0.1923	0.487803757
0.1924	0.464568883
0.1925	0.436013222
0.1926	0.446665049
0.1927	0.43480739
0.1928	0.343230993
0.1929	0.276095003
0.193	0.325517893
0.1931	0.39114818
0.1932	0.341010094
0.1933	0.243223727
0.1934	0.240880296
0.1935	0.298618078
0.1936	0.278414845
0.1937	0.202432677
0.1938	0.186385334
0.1939	0.243724287
0.194	0.258389026
0.1941	0.20659849
0.1942	0.225228071
0.1943	0.345881164
0.1944	0.412335783
0.1945	0.348902553
0.1946	0.275815874
0.1947	0.258562684
0.1948	0.208281323
0.1949	0.135725901
0.195	0.142170638
0.1951	0.190544337
0.1952	0.188626423
0.1953	0.154018044
0.1954	0.189205766
0.1955	0.317911357
0.1956	0.4234097
0.1957	0.457762837
0.1958	0.503248155
0.1959	0.551522911
0.196	0.510939658
0.1961	0.433792293
0.1962	0.456015497
0.1963	0.484863907
0.1964	0.387302399
0.1965	0.279344648
0.1966	0.310352594
0.1967	0.410850525
0.1968	0.462412477
0.1969	0.455221832
0.197	0.450681061
0.1971	0.47853145
0.1972	0.493366152
0.1973	0.451539546
0.1974	0.434334129
0.1975	0.468962967
0.1976	0.442018807
0.1977	0.338094115
0.1978	0.298869908
0.1979	0.368291348
0.198	0.406126142
0.1981	0.350768983
0.1982	0.291246653
0.1983	0.305815548
0.1984	0.34859243
0.1985	0.319144487
0.1986	0.259557009
0.1987	0.28894043
0.1988	0.343356907
0.1989	0.277750522
0.199	0.159975559
0.1991	0.155142307
0.1992	0.199891374
0.1993	0.17221126
0.1994	0.14293018
0.1995	0.203025043
0.1996	0.292428583
0.1997	0.319171786
0.1998	0.311517805
0.1999	0.343700856
0.2	0.387299001
0.2001	0.3653723
0.2002	0.311057866
0.2003	0.295119703
0.2004	0.292905271
0.2005	0.262343645
0.2006	0.215581119
0.2007	0.192523658
0.2008	0.237786934
0.2009	0.319458038
0.201	0.345669955
0.2011	0.356308103
0.2012	0.449737608
0.2013	0.548951268
0.2014	0.524605751
0.2015	0.456860304
0.2016	0.476971447
0.2017	0.533183038
0.2018	0.526084185
0.2019	0.446065545
0.202	0.392050683
0.2021	0.42442137
0.2022	0.448405862
0.2023	0.40302968
0.2024	0.400413334
0.2025	0.463488966
0.2026	0.440264642
0.2027	0.319733769
0.2028	0.272494555
0.2029	0.307811618
0.203	0.283098608
0.2031	0.259039372
0.2032	0.294482648
0.2033	0.326982707
0.2034	0.311507553
0.2035	0.275631636
0.2036	0.268008351
0.2037	0.300089389
0.2038	0.34436518
0.2039	0.373135149
0.204	0.392159849
0.2041	0.374290109
0.2042	0.295978159
0.2043	0.20586966
0.2044	0.144463211
0.2045	0.124839008
0.2046	0.185247421
0.2047	0.276170045
0.2048	0.276939809
0.2049	0.224321842
0.205	0.185179502
0.2051	0.175331593
0.2052	0.212614
0.2053	0.26278311
0.2054	0.243026167
0.2055	0.223173693
0.2056	0.290595978
0.2057	0.376831412
0.2058	0.435839564
0.2059	0.482435197
0.206	0.484645903
0.2061	0.509583771
0.2062	0.565986395
0.2063	0.547854245
0.2064	0.500553668
0.2065	0.523961902
0.2066	0.547564924
0.2067	0.491812646
0.2068	0.447755188
0.2069	0.450820625
0.207	0.413132846
0.2071	0.369272649
0.2072	0.361795753
0.2073	0.342031687
0.2074	0.304412156
0.2075	0.277256787
0.2076	0.24526073
0.2077	0.198835656
0.2078	0.180523038
0.2079	0.235014275
0.208	0.331635743
0.2081	0.369286299
0.2082	0.375605106
0.2083	0.432722628
0.2084	0.481753826
0.2085	0.45183602
0.2086	0.420214623
0.2087	0.382332712
0.2088	0.255479902
0.2089	0.138389707
0.209	0.14944315
0.2091	0.191927567
0.2092	0.158718854
0.2093	0.11471878
0.2094	0.140651256
0.2095	0.201891169
0.2096	0.194264174
0.2097	0.143601328
0.2098	0.166890472
0.2099	0.262490004
0.21	0.296611458
0.2101	0.279872507
0.2102	0.335825741
0.2103	0.395930558
0.2104	0.35036394
0.2105	0.296601534
0.2106	0.354580939
0.2107	0.431758702
0.2108	0.403755099
0.2109	0.335379153
0.211	0.361832976
0.2111	0.472505718
0.2112	0.52920115
0.2113	0.489441931
0.2114	0.450762928
0.2115	0.480432302
0.2116	0.489268243
0.2117	0.415714771
0.2118	0.372879893
0.2119	0.421726882
0.212	0.451481521
0.2121	0.412386656
0.2122	0.368976146
0.2123	0.393495321
0.2124	0.454748243
0.2125	0.432055205
0.2126	0.325415552
0.2127	0.289158463
0.2128	0.344000787
0.2129	0.364122123
0.213	0.349314749
0.2131	0.390708685
0.2132	0.436190635
0.2133	0.398567379
0.2134	0.330620646
0.2135	0.340574026
0.2136	0.380833805
0.2137	0.328583628
0.2138	0.232561678
0.2139	0.216272429
0.214	0.223593011
0.2141	0.166001603
0.2142	0.135824844
0.2143	0.198392779
0.2144	0.250588328
0.2145	0.212123662
0.2146	0.156221911
0.2147	0.171182826
0.2148	0.260316849
0.2149	0.322966665
0.215	0.285496622
0.2151	0.280730993
0.2152	0.351307392
0.2153	0.350070864
0.2154	0.291726738
0.2155	0.33978036
0.2156	0.469582945
0.2157	0.49353981
0.2158	0.407498837
0.2159	0.376306653
0.216	0.420027286
0.2161	0.435165316
0.2162	0.349158108
0.2163	0.231788501
0.2164	0.251967847
0.2165	0.344620734
0.2166	0.323869169
0.2167	0.264240772
0.2168	0.366629004
0.2169	0.52262336
0.217	0.507649064
0.2171	0.420258969
0.2172	0.434334129
0.2173	0.515180528
0.2174	0.532982051
0.2175	0.513950825
0.2176	0.555072188
0.2177	0.596813798
0.2178	0.520153999
0.2179	0.387316048
0.218	0.335713178
0.2181	0.339722365
0.2182	0.309668124
0.2183	0.264169425
0.2184	0.253841102
0.2185	0.230115905
0.2186	0.114371419
0.2187	-0.037753269
0.2188	-0.035287026
0.2189	0.132094458
0.219	0.221917003
0.2191	0.202262104
0.2192	0.250111341
0.2193	0.365552813
0.2194	0.399456233
0.2195	0.362827897
0.2196	0.397821158
0.2197	0.504011095
0.2198	0.537294567
0.2199	0.42155692
0.22	0.292905271
0.2201	0.306660354
0.2202	0.370301068
0.2203	0.306108624
0.2204	0.192462251
0.2205	0.210042313
0.2206	0.310747713
0.2207	0.344723105
0.2208	0.374838442
0.2209	0.490743279
0.221	0.559350908
0.2211	0.472784847
0.2212	0.35109961
0.2213	0.378047168
0.2214	0.491704077
0.2215	0.459929466
0.2216	0.325020432
0.2217	0.317332655
0.2218	0.434347779
0.2219	0.455024272
0.222	0.39165929
0.2221	0.470747828
0.2222	0.609751344
0.2223	0.516859651
0.2224	0.277546138
0.2225	0.229870886
0.2226	0.367405921
0.2227	0.381085932
0.2228	0.23775655
0.2229	0.188674182
0.223	0.29382515
0.2231	0.337882936
0.2232	0.222554028
0.2233	0.180597782
0.2234	0.330477685
0.2235	0.408019871
0.2236	0.265875846
0.2237	0.155418023
0.2238	0.234663501
0.2239	0.283633292
0.224	0.192250729
0.2241	0.127846763
0.2242	0.188064441
0.2243	0.243039802
0.2244	0.18121776
0.2245	0.119280033
0.2246	0.182334885
0.2247	0.253994614
0.2248	0.236489311
0.2249	0.230337337
0.225	0.302954167
0.2251	0.368737966
0.2252	0.36136964
0.2253	0.310458362
0.2254	0.297037303
0.2255	0.333563596
0.2256	0.302610219
0.2257	0.157999948
0.2258	0.112978265
0.2259	0.247328132
0.226	0.362572342
0.2261	0.378650099
0.2262	0.405417472
0.2263	0.516086817
0.2264	0.632168412
0.2265	0.646086931
0.2266	0.624674439
0.2267	0.691755891
0.2268	0.740912676
0.2269	0.612850904
0.227	0.430386037
0.2271	0.354710281
0.2272	0.333073258
0.2273	0.291140884
0.2274	0.28719309
0.2275	0.324570715
0.2276	0.323777378
0.2277	0.273359537
0.2278	0.229322568
0.2279	0.318715245
0.228	0.492688477
0.2281	0.461390853
0.2282	0.229468942
0.2283	0.131263584
0.2284	0.30669418
0.2285	0.468816578
0.2286	0.335403353
0.2287	0.165320218
0.2288	0.276159823
0.2289	0.407321423
0.229	0.252325445
0.2291	0.162206709
0.2292	0.329537332
0.2293	0.39251402
0.2294	0.195357725
0.2295	0.050379626
0.2296	0.122713611
0.2297	0.219586909
0.2298	0.224965692
0.2299	0.175917447
0.23	0.07387656
0.2301	-0.024761444
0.2302	0.146612793
0.2303	0.39382562
0.2304	0.38443765
0.2305	-0.0638799
0.2306	-0.801291764
0.2307	-1.122153521
0.2308	-0.738475084
0.2309	-0.26455164
0.231	-0.023763409
0.2311	0.373217016
0.2312	1.118589282
0.2313	1.50209403
0.2314	1.557440639
0.2315	1.721088648
0.2316	2.068711281
0.2317	2.026084185
0.2318	1.528551579
0.2319	1.29216373
0.232	1.264797449
0.2321	0.968825698
0.2322	0.344154298
0.2323	0.012831421
0.2324	-0.16660215
0.2325	-0.373442948
0.2326	-0.788695037
0.2327	-0.508256435
0.2328	0.184235752
0.2329	0.656363785
0.233	0.633425415
0.2331	0.685866296
0.2332	0.744602144
0.2333	0.85491693
0.2334	0.915066421
0.2335	0.768640578
0.2336	0.419509351
0.2337	0.29570213
0.2338	0.417373717
0.2339	0.258848637
0.234	-0.265042305
0.2341	-0.648853481
0.2342	-0.655649304
0.2343	-0.591756463
0.2344	-0.299729139
0.2345	0.364591986
0.2346	1.014364958
0.2347	1.148466468
0.2348	0.750059366
0.2349	0.442209542
0.235	0.516866505
0.2351	0.516638219
0.2352	0.04551537
0.2353	-0.666937828
0.2354	-1.110183358
0.2355	-1.274823189
0.2356	-1.342187166
0.2357	-1.147602558
0.2358	-0.463939726
0.2359	0.482803017
0.236	1.069749475
0.2361	1.155895591
0.2362	1.333499908
0.2363	1.559699178
0.2364	1.33357501
0.2365	0.73894763
0.2366	0.377042323
0.2367	0.239204288
0.2368	-0.007310405
0.2369	-0.270284921
0.237	-0.228805363
0.2371	-0.028760409
0.2372	0.061630938
0.2373	0.079885244
0.2374	0.192898303
0.2375	0.492133021
0.2376	0.735663831
0.2377	0.667594612
0.2378	0.486914575
0.2379	0.557838321
0.238	0.621458888
0.2381	0.391458303
0.2382	0.194516003
0.2383	0.405574083
0.2384	0.606416404
0.2385	0.363437653
0.2386	0.052651722
0.2387	0.12134061
0.2388	0.276565164
0.2389	0.175999314
0.239	0.102363989
0.2391	0.237296611
0.2392	0.124954998
0.2393	-0.342795998
0.2394	-0.598007083
0.2395	-0.347240955
0.2396	-0.014443659
0.2397	0.06341549
0.2398	0.001007588
0.2399	0.01984496
0.24	0.06786447
0.2401	0.064270861
0.2402	0.092666171
0.2403	0.206922278
0.2404	0.347577631
0.2405	0.465553284
0.2406	0.523805618
0.2407	0.44680801
0.2408	0.357820362
0.2409	0.370270699
0.241	0.329425067
0.2411	0.221392244
0.2412	0.253807306
0.2413	0.19798401
0.2414	-0.083830982
0.2415	-0.1231777
0.2416	0.237364531
0.2417	0.459329665
0.2418	0.342948169
0.2419	0.328317851
0.242	0.602989674
0.2421	0.780331671
0.2422	0.542972982
0.2423	0.327912509
0.2424	0.60044837
0.2425	0.96477896
0.2426	0.811097682
0.2427	0.393730402
0.2428	0.359162658
0.2429	0.562297225
0.243	0.398931801
0.2431	-0.007746465
0.2432	-0.107481129
0.2433	0.003436616
0.2434	-0.029295092
0.2435	-0.156662121
0.2436	-0.161925226
0.2437	-0.058306966
0.2438	0.038992163
0.2439	0.153247967
0.244	0.367279679
0.2441	0.556336343
0.2442	0.547612369
0.2443	0.368706942
0.2444	0.3112486
0.2445	0.465025097
0.2446	0.572121263
0.2447	0.494319826
0.2448	0.430958241
0.2449	0.443204165
0.245	0.325497419
0.2451	0.150223464
0.2452	0.125516981
0.2453	0.169138998
0.2454	0.132299155
0.2455	0.05623851
0.2456	0.044203781
0.2457	0.102197133
0.2458	0.128620252
0.2459	0.128177375
0.246	0.236169249
0.2461	0.474890083
0.2462	0.644823074
0.2463	0.681212902
0.2464	0.756088495
0.2465	0.85679394
0.2466	0.815089822
0.2467	0.694331288
0.2468	0.670619726
0.2469	0.652207851
0.247	0.482510269
0.2471	0.232323483
0.2472	0.086217709
0.2473	0.055519912
0.2474	0.042245235
0.2475	0.026456555
0.2476	0.000667053
0.2477	-0.023010386
0.2478	0.007520559
0.2479	0.091477089
0.248	0.140542403
0.2481	0.180287957
0.2482	0.294935465
0.2483	0.421686232
0.2484	0.454172641
0.2485	0.40427956
0.2486	0.393856317
0.2487	0.372498423
0.2488	0.283003092
0.2489	0.24356766
0.249	0.245604679
0.2491	0.164989918
0.2492	-0.003498767
0.2493	-0.130327702
0.2494	-0.12316747
0.2495	-0.140703484
0.2496	-0.186093301
0.2497	-0.122870974
0.2498	-0.071009427
0.2499	-0.030875573
0.25	0.112317353
0.2501	0.225871921
0.2502	0.196311101
0.2503	0.195197389
0.2504	0.325040907
0.2505	0.450003088
0.2506	0.585791111
0.2507	0.76873982
0.2508	0.687825143
0.2509	0.377413869
0.251	0.308758467
0.2511	0.479124129
0.2512	0.543616831
0.2513	0.532362103
0.2514	0.60657984
0.2515	0.588257015
0.2516	0.395068973
0.2517	0.242828608
0.2518	0.050052736
0.2519	-0.146776989
0.252	0.00780713
0.2521	0.264922142
0.2522	0.34734565
0.2523	0.723336339
0.2524	1.253351927
0.2525	1.293891191
0.2526	1.154362917
0.2527	1.297699094
0.2528	1.403337002
0.2529	1.261571288
0.253	0.928882599
0.2531	0.414028555
0.2532	0.098484114
0.2533	0.108682811
0.2534	-0.073141649
0.2535	-0.314816266
0.2536	0.147787616
0.2537	0.989154875
0.2538	1.090599656
0.2539	0.546934724
0.254	0.29306221
0.2541	0.076032668
0.2542	-0.673324883
0.2543	-1.100485802
0.2544	-0.559750199
0.2545	0.112971447
0.2546	0.180328891
0.2547	0.217692882
0.2548	0.709148586
0.2549	0.970140696
0.255	0.492770046
0.2551	-0.090827778
0.2552	-0.05314311
0.2553	0.292486578
0.2554	0.301223904
0.2555	0.363512397
0.2556	0.987090528
0.2557	1.347946286
0.2558	0.821810603
0.2559	0.455470264
0.256	0.914013803
0.2561	1.057114959
0.2562	0.421621412
0.2563	0.267749399
0.2564	0.830292344
0.2565	0.818049788
0.2566	0.246306524
0.2567	0.181078196
0.2568	0.396843612
0.2569	0.112514913
0.257	-0.222568423
0.2571	0.176251158
0.2572	0.878877223
0.2573	0.884075224
0.2574	0.316869289
0.2575	0.232037231
0.2576	0.525201857
0.2577	0.078349113
0.2578	-0.729642272
0.2579	-0.681196928
0.258	-0.093733184
0.2581	0.093613036
0.2582	0.173771262
0.2583	0.750634968
0.2584	1.135273695
0.2585	0.621438444
0.2586	0.112746589
0.2587	0.37526086
0.2588	0.597641587
0.2589	0.264404535
0.259	0.020815702
0.2591	0.203474745
0.2592	0.249671876
0.2593	-0.091120549
0.2594	-0.222285569
0.2595	0.164782122
0.2596	0.573599398
0.2597	0.556666315
0.2598	0.370842904
0.2599	0.412894368
0.26	0.409235924
0.2601	0.093504176
0.2602	-0.01744769
0.2603	0.319290876
0.2604	0.495137364
0.2605	0.286988407
0.2606	0.344504744
0.2607	0.736416876
0.2608	0.695612192
0.2609	0.356369227
0.261	0.540598512
0.2611	0.838665545
0.2612	0.597733378
0.2613	0.507570624
0.2614	1.105777979
0.2615	1.574772596
0.2616	1.42691946
0.2617	1.205686927
0.2618	1.158508778
0.2619	0.876737893
0.262	0.028081696
0.2621	-0.917748034
0.2622	-1.164167523
0.2623	-0.857217073
0.2624	-0.690666795
0.2625	-0.568596363
0.2626	0.171264395
0.2627	1.296977043
0.2628	1.821580052
0.2629	1.722366452
0.263	1.630214095
0.2631	1.265601277
0.2632	0.257475972
0.2633	-0.639029801
0.2634	-0.831148446
0.2635	-0.796907604
0.2636	-0.934320092
0.2637	-0.855224431
0.2638	-0.198781818
0.2639	0.607486069
0.264	0.935640574
0.2641	0.851687729
0.2642	0.89480859
0.2643	1.075550318
0.2644	0.809452713
0.2645	0.217563555
0.2646	0.100551829
0.2647	0.242491171
0.2648	-0.209222421
0.2649	-0.7350685
0.265	-0.360720307
0.2651	0.299513787
0.2652	0.290500432
0.2653	0.132557809
0.2654	0.361039311
0.2655	0.464480191
0.2656	0.25015229
0.2657	0.109667197
0.2658	0.022014709
0.2659	-0.116365135
0.266	-0.110703506
0.2661	-0.01321736
0.2662	0.119382381
0.2663	0.321525753
0.2664	0.418358117
0.2665	0.324816346
0.2666	0.271084338
0.2667	0.305015057
0.2668	0.162271529
0.2669	-0.103959166
0.267	-0.159796104
0.2671	-0.07932432
0.2672	-0.017004807
0.2673	0.251698643
0.2674	0.61040175
0.2675	0.646866918
0.2676	0.642970026
0.2677	0.856599748
0.2678	0.738746643
0.2679	0.173979059
0.268	-0.154403672
0.2681	-0.113595881
0.2682	-0.237866461
0.2683	-0.513927698
0.2684	-0.431984603
0.2685	-0.041742001
0.2686	0.177447066
0.2687	0.169557676
0.2688	0.334054232
0.2689	0.623236954
0.269	0.531885386
0.2691	0.267572314
0.2692	0.429704964
0.2693	0.746121168
0.2694	0.681996942
0.2695	0.414365977
0.2696	0.36363861
0.2697	0.377546608
0.2698	0.207933962
0.2699	0.189498544
0.27	0.531616211
0.2701	0.817866206
0.2702	0.691384315
0.2703	0.568885267
0.2704	0.951950312
0.2705	1.284179449
0.2706	0.989808619
0.2707	0.565945446
0.2708	0.496377289
0.2709	0.42279315
0.271	0.088534161
0.2711	-0.097248636
0.2712	0.119515121
0.2713	0.242658019
0.2714	0.004403947
0.2715	0.090683751
0.2716	0.681724012
0.2717	0.981698453
0.2718	0.904895008
0.2719	1.132051229
0.272	1.584238768
0.2721	1.487674952
0.2722	1.047039032
0.2723	1.018776417
0.2724	1.023037791
0.2725	0.321232677
0.2726	-0.325890183
0.2727	-0.168482229
0.2728	-0.009466509
0.2729	-0.377356917
0.273	-0.530979931
0.2731	-0.13724944
0.2732	0.208329082
0.2733	0.248599097
0.2734	0.315360129
0.2735	0.447131813
0.2736	0.478143156
0.2737	0.429789931
0.2738	0.368785411
0.2739	0.318585932
0.274	0.316143572
0.2741	0.429156303
0.2742	0.557443202
0.2743	0.445779264
0.2744	0.173042431
0.2745	0.038375601
0.2746	0.083802953
0.2747	0.002448505
0.2748	-0.282905191
0.2749	-0.404774666
0.275	-0.155234858
0.2751	0.075821772
0.2752	-0.027738493
0.2753	-0.075686358
0.2754	0.145941645
0.2755	0.205842376
0.2756	0.069022536
0.2757	0.151088759
0.2758	0.355299532
0.2759	0.263147503
0.276	0.02730138
0.2761	0.07818567
0.2762	0.36688146
0.2763	0.499511272
0.2764	0.562872887
0.2765	0.879224598
0.2766	1.287595868
0.2767	1.315994978
0.2768	1.035239339
0.2769	0.940266609
0.277	0.931757569
0.2771	0.536391735
0.2772	-0.064510107
0.2773	-0.379468679
0.2774	-0.36812216
0.2775	-0.282581717
0.2776	-0.210697442
0.2777	-0.042382441
0.2778	0.304766327
0.2779	0.715229213
0.278	0.987935364
0.2781	1.050234079
0.2782	1.070505619
0.2783	1.064333081
0.2784	0.945376515
0.2785	0.748393297
0.2786	0.601381898
0.2787	0.551805794
0.2788	0.47195366
0.2789	0.276326656
0.279	0.117600612
0.2791	0.102932788
0.2792	0.118636176
0.2793	0.000534312
0.2794	-0.174187914
0.2795	-0.225603461
0.2796	-0.176841483
0.2797	-0.149164766
0.2798	-0.136840671
0.2799	-0.061495218
0.28	0.100817308
0.2801	0.204278633
0.2802	0.190769181
0.2803	0.222237065
0.2804	0.366479516
0.2805	0.503837466
0.2806	0.50248152
0.2807	0.45732677
0.2808	0.615201175
0.2809	0.816241086
0.281	0.735864818
0.2811	0.46643874
0.2812	0.375850141
0.2813	0.503077626
0.2814	0.48403275
0.2815	0.336145818
0.2816	0.296672881
0.2817	0.195245147
0.2818	0.020682963
0.2819	-0.062701359
0.282	-0.116037935
0.2821	-0.158920571
0.2822	-0.058552288
0.2823	0.178145185
0.2824	0.406670749
0.2825	0.547646463
0.2826	0.658469021
0.2827	0.764015138
0.2828	0.850450933
0.2829	0.906131208
0.283	0.900759578
0.2831	0.70604223
0.2832	0.323640913
0.2833	-0.026120484
0.2834	-0.22801885
0.2835	-0.363915384
0.2836	-0.405139089
0.2837	-0.271041065
0.2838	-0.075270772
0.2839	0.099465095
0.284	0.25602141
0.2841	0.302290171
0.2842	0.22036691
0.2843	0.135381952
0.2844	0.139602363
0.2845	0.134138286
0.2846	0.058026783
0.2847	0.060969718
0.2848	0.225207597
0.2849	0.410339713
0.285	0.44682166
0.2851	0.345370054
0.2852	0.258320779
0.2853	0.195504114
0.2854	0.113557301
0.2855	0.097843677
0.2856	0.129710093
0.2857	0.120427862
0.2858	-0.007981552
0.2859	-0.158515528
0.286	-0.170546532
0.2861	-0.111698434
0.2862	-0.107777625
0.2863	-0.180676997
0.2864	-0.22020112
0.2865	-0.127585739
0.2866	0.008212174
0.2867	0.042596005
0.2868	-0.024389895
0.2869	-0.106282122
0.287	-0.199630052
0.2871	-0.295086324
0.2872	-0.315214485
0.2873	-0.2609106
0.2874	-0.2006042
0.2875	-0.224053696
0.2876	-0.339164853
0.2877	-0.381056279
0.2878	-0.336024046
0.2879	-0.367253751
0.288	-0.445930123
0.2881	-0.440885365
0.2882	-0.437547326
0.2883	-0.54015702
0.2884	-0.562083364
0.2885	-0.411737353
0.2886	-0.316706598
0.2887	-0.387889326
0.2888	-0.5164451
0.2889	-0.608137488
0.289	-0.681558251
0.2891	-0.745842814
0.2892	-0.797200382
0.2893	-0.812093377
0.2894	-0.730987668
0.2895	-0.572575152
0.2896	-0.440994233
0.2897	-0.418522626
0.2898	-0.559746742
0.2899	-0.666229486
0.29	-0.481935382
0.2901	-0.258083344
0.2902	-0.392109722
0.2903	-0.644203842
0.2904	-0.589620531
0.2905	-0.472820014
0.2906	-0.678696871
0.2907	-0.870730281
0.2908	-0.737582505
0.2909	-0.610552609
0.291	-0.670385361
0.2911	-0.635603011
0.2912	-0.41330418
0.2913	-0.274225891
0.2914	-0.357484311
0.2915	-0.443188161
0.2916	-0.355317652
0.2917	-0.245356992
0.2918	-0.302270442
0.2919	-0.416066617
0.292	-0.40866819
0.2921	-0.396166682
0.2922	-0.564491928
0.2923	-0.753568411
0.2924	-0.77436775
0.2925	-0.633521676
0.2926	-0.491963506
0.2927	-0.526327193
0.2928	-0.601481557
0.2929	-0.551268458
0.293	-0.4945696
0.2931	-0.541713595
0.2932	-0.655029655
0.2933	-0.712222219
0.2934	-0.739374518
0.2935	-0.792997301
0.2936	-0.772051632
0.2937	-0.657481968
0.2938	-0.559361875
0.2939	-0.55704546
0.294	-0.567567885
0.2941	-0.558544338
0.2942	-0.647627234
0.2943	-0.789103806
0.2944	-0.832541585
0.2945	-0.836428285
0.2946	-0.918133199
0.2947	-1.028264165
0.2948	-0.978364527
0.2949	-0.75510484
0.295	-0.643485248
0.2951	-0.694887161
0.2952	-0.588169396
0.2953	-0.315698326
0.2954	-0.289424986
0.2955	-0.561606705
0.2956	-0.675058603
0.2957	-0.521626055
0.2958	-0.497925043
0.2959	-0.689995646
0.296	-0.749249399
0.2961	-0.610923827
0.2962	-0.551340044
0.2963	-0.632305622
0.2964	-0.649109066
0.2965	-0.526313543
0.2966	-0.412820369
0.2967	-0.378855526
0.2968	-0.333595335
0.2969	-0.289009392
0.297	-0.365676373
0.2971	-0.486057162
0.2972	-0.444945723
0.2973	-0.323280662
0.2974	-0.346965224
0.2975	-0.512555003
0.2976	-0.64199692
0.2977	-0.639595151
0.2978	-0.618142068
0.2979	-0.714548886
0.298	-0.803839564
0.2981	-0.713567615
0.2982	-0.667820513
0.2983	-0.818422079
0.2984	-0.819634736
0.2985	-0.578624785
0.2986	-0.512997925
0.2987	-0.732213974
0.2988	-0.908452451
0.2989	-0.848214269
0.299	-0.642040968
0.2991	-0.539301634
0.2992	-0.60528636
0.2993	-0.696232557
0.2994	-0.797064543
0.2995	-0.973169684
0.2996	-1.074086547
0.2997	-0.965232849
0.2998	-0.851835191
0.2999	-0.891403377
0.3	-0.907328188
0.3001	-0.790186822
0.3002	-0.703989208
0.3003	-0.756303847
0.3004	-0.800790846
0.3005	-0.686912835
0.3006	-0.53578645
0.3007	-0.495809257
0.3008	-0.496831477
0.3009	-0.420307487
0.301	-0.339324892
0.3011	-0.392463923
0.3012	-0.49129948
0.3013	-0.46972698
0.3014	-0.448420256
0.3015	-0.589733124
0.3016	-0.758667767
0.3017	-0.800341487
0.3018	-0.752638638
0.3019	-0.671417534
0.302	-0.562363148
0.3021	-0.42618373
0.3022	-0.313985109
0.3023	-0.307846785
0.3024	-0.372281134
0.3025	-0.371565968
0.3026	-0.349469006
0.3027	-0.484463036
0.3028	-0.684971333
0.3029	-0.738468289
0.303	-0.727145612
0.3031	-0.767398238
0.3032	-0.749126554
0.3033	-0.6648193
0.3034	-0.62961483
0.3035	-0.64306283
0.3036	-0.586902142
0.3037	-0.510426223
0.3038	-0.55166012
0.3039	-0.638590336
0.304	-0.653550923
0.3041	-0.694744229
0.3042	-0.798253
0.3043	-0.819437504
0.3044	-0.7060498
0.3045	-0.631944597
0.3046	-0.688776135
0.3047	-0.712317765
0.3048	-0.574983418
0.3049	-0.403122544
0.305	-0.418403536
0.3051	-0.540954053
0.3052	-0.519827843
0.3053	-0.420188397
0.3054	-0.463183612
0.3055	-0.557702959
0.3056	-0.532802284
0.3057	-0.508944333
0.3058	-0.611830056
0.3059	-0.692731082
0.306	-0.617954731
0.3061	-0.490706801
0.3062	-0.454568505
0.3063	-0.49961096
0.3064	-0.510402322
0.3065	-0.50530982
0.3066	-0.567387402
0.3067	-0.602469385
0.3068	-0.494508207
0.3069	-0.365802288
0.307	-0.382193893
0.3071	-0.471995652
0.3072	-0.481798917
0.3073	-0.480770499
0.3074	-0.572612703
0.3075	-0.672606289
0.3076	-0.676639378
0.3077	-0.674585342
0.3078	-0.806717992
0.3079	-0.917799473
0.308	-0.807439983
0.3081	-0.652239621
0.3082	-0.634233415
0.3083	-0.625336111
0.3084	-0.502513289
0.3085	-0.398499876
0.3086	-0.46497497
0.3087	-0.578876913
0.3088	-0.590468764
0.3089	-0.616745174
0.309	-0.807034969
0.3091	-1.041187763
0.3092	-1.143099308
0.3093	-1.188001871
0.3094	-1.245473862
0.3095	-1.1804533
0.3096	-0.940093696
0.3097	-0.737272382
0.3098	-0.696913958
0.3099	-0.614861667
0.31	-0.375190258
0.3101	-0.240216717
0.3102	-0.3704997
0.3103	-0.529726624
0.3104	-0.523479462
0.3105	-0.485723436
0.3106	-0.602605522
0.3107	-0.711091459
0.3108	-0.609895408
0.3109	-0.527669132
0.311	-0.639380574
0.3111	-0.665933013
0.3112	-0.446989566
0.3113	-0.316662252
0.3114	-0.471654803
0.3115	-0.629529536
0.3116	-0.564328194
0.3117	-0.443351597
0.3118	-0.498108625
0.3119	-0.622965395
0.312	-0.626422822
0.3121	-0.606045902
0.3122	-0.671158552
0.3123	-0.665664077
0.3124	-0.485583574
0.3125	-0.356956124
0.3126	-0.465891451
0.3127	-0.579251587
0.3128	-0.494964719
0.3129	-0.384983599
0.313	-0.452613354
0.3131	-0.565946519
0.3132	-0.499464571
0.3133	-0.382885516
0.3134	-0.446349114
0.3135	-0.588278532
0.3136	-0.604369938
0.3137	-0.551196814
0.3138	-0.592802286
0.3139	-0.673703253
0.314	-0.634400606
0.3141	-0.570831239
0.3142	-0.646520317
0.3143	-0.719269872
0.3144	-0.637030303
0.3145	-0.554695189
0.3146	-0.629624724
0.3147	-0.716997802
0.3148	-0.659113586
0.3149	-0.56624949
0.315	-0.552535355
0.3151	-0.528670609
0.3152	-0.428728133
0.3153	-0.403282583
0.3154	-0.535578668
0.3155	-0.662843704
0.3156	-0.658916056
0.3157	-0.600231409
0.3158	-0.595431626
0.3159	-0.569171965
0.316	-0.464862704
0.3161	-0.410149723
0.3162	-0.433810413
0.3163	-0.394020826
0.3164	-0.301469952
0.3165	-0.299415886
0.3166	-0.358277649
0.3167	-0.33836779
0.3168	-0.287425518
0.3169	-0.339362115
0.317	-0.449813396
0.3171	-0.479155898
0.3172	-0.452848464
0.3173	-0.540844858
0.3174	-0.709773064
0.3175	-0.743383408
0.3176	-0.655526817
0.3177	-0.672851622
0.3178	-0.799942613
0.3179	-0.823715627
0.318	-0.733515322
0.3181	-0.722178996
0.3182	-0.801720977
0.3183	-0.824792087
0.3184	-0.729454935
0.3185	-0.648816288
0.3186	-0.665568888
0.3187	-0.690356612
0.3188	-0.659648299
0.3189	-0.655043006
0.319	-0.706761897
0.3191	-0.743295014
0.3192	-0.732047081
0.3193	-0.738815606
0.3194	-0.792888165
0.3195	-0.837515056
0.3196	-0.803406894
0.3197	-0.717137337
0.3198	-0.648489416
0.3199	-0.589218557
0.32	-0.515406489
0.3201	-0.495615095
0.3202	-0.545668185
0.3203	-0.581843734
0.3204	-0.534304619
0.3205	-0.463813514
0.3206	-0.451192915
0.3207	-0.501549363
0.3208	-0.539090753
0.3209	-0.496167153
0.321	-0.437829852
0.3211	-0.468268991
0.3212	-0.505255222
0.3213	-0.452245533
0.3214	-0.374996126
0.3215	-0.375456065
0.3216	-0.42230013
0.3217	-0.43532297
0.3218	-0.447626591
0.3219	-0.543505251
0.322	-0.688929379
0.3221	-0.724464774
0.3222	-0.62215811
0.3223	-0.558786273
0.3224	-0.601062596
0.3225	-0.599498808
0.3226	-0.515028119
0.3227	-0.523646295
0.3228	-0.624062061
0.3229	-0.611670017
0.323	-0.518509448
0.3231	-0.560441494
0.3232	-0.680277348
0.3233	-0.679630101
0.3234	-0.586054206
0.3235	-0.611250699
0.3236	-0.758425891
0.3237	-0.809596419
0.3238	-0.700289845
0.3239	-0.645178318
0.324	-0.711656511
0.3241	-0.701383114
0.3242	-0.559399426
0.3243	-0.472578108
0.3244	-0.563193977
0.3245	-0.66907382
0.3246	-0.653029859
0.3247	-0.662513375
0.3248	-0.729584575
0.3249	-0.705791116
0.325	-0.599260628
0.3251	-0.536018133
0.3252	-0.510998428
0.3253	-0.431630433
0.3254	-0.331364185
0.3255	-0.312063783
0.3256	-0.346590579
0.3257	-0.339167953
0.3258	-0.326107919
0.3259	-0.391806424
0.326	-0.489064902
0.3261	-0.538525045
0.3262	-0.50550735
0.3263	-0.503351271
0.3264	-0.583403707
0.3265	-0.629277408
0.3266	-0.544888198
0.3267	-0.44520098
0.3268	-0.45357728
0.3269	-0.495247275
0.327	-0.467911392
0.3271	-0.453710347
0.3272	-0.538055182
0.3273	-0.66253382
0.3274	-0.722928286
0.3275	-0.706247687
0.3276	-0.686149895
0.3277	-0.679347217
0.3278	-0.655066907
0.3279	-0.625019431
0.328	-0.619899631
0.3281	-0.603610694
0.3282	-0.55218488
0.3283	-0.560043275
0.3284	-0.644285738
0.3285	-0.690404415
0.3286	-0.699138582
0.3287	-0.746636748
0.3288	-0.810212672
0.3289	-0.813094497
0.329	-0.749440134
0.3291	-0.686565459
0.3292	-0.673045754
0.3293	-0.675733447
0.3294	-0.606093705
0.3295	-0.50051719
0.3296	-0.491854638
0.3297	-0.538753271
0.3298	-0.534713387
0.3299	-0.561943829
0.33	-0.677637398
0.3301	-0.742290139
0.3302	-0.649047673
0.3303	-0.53764981
0.3304	-0.529147565
0.3305	-0.530417919
0.3306	-0.468929917
0.3307	-0.369542599
0.3308	-0.313313961
0.3309	-0.33361581
0.331	-0.323342055
0.3311	-0.286734194
0.3312	-0.346151114
0.3313	-0.452143192
0.3314	-0.451039702
0.3315	-0.420075804
0.3316	-0.57206434
0.3317	-0.804309726
0.3318	-0.828344762
0.3319	-0.676016033
0.332	-0.605664432
0.3321	-0.641100883
0.3322	-0.631511927
0.3323	-0.570333779
0.3324	-0.533845007
0.3325	-0.516118228
0.3326	-0.491401523
0.3327	-0.465489507
0.3328	-0.489146799
0.3329	-0.599590957
0.333	-0.71405828
0.3331	-0.726590157
0.3332	-0.692100883
0.3333	-0.744013608
0.3334	-0.800354838
0.3335	-0.73970139
0.3336	-0.663705587
0.3337	-0.677501261
0.3338	-0.688922524
0.3339	-0.621861875
0.334	-0.588936031
0.3341	-0.661974967
0.3342	-0.752318561
0.3343	-0.786480665
0.3344	-0.809231997
0.3345	-0.863191962
0.3346	-0.868774831
0.3347	-0.744688153
0.3348	-0.607425451
0.3349	-0.595609069
0.335	-0.601236224
0.3351	-0.495659769
0.3352	-0.388008416
0.3353	-0.408589721
0.3354	-0.446158379
0.3355	-0.415225178
0.3356	-0.423659176
0.3357	-0.512922823
0.3358	-0.550518811
0.3359	-0.490740925
0.336	-0.448678911
0.3361	-0.462999374
0.3362	-0.458387256
0.3363	-0.380630165
0.3364	-0.29380542
0.3365	-0.264844745
0.3366	-0.258859932
0.3367	-0.260931045
0.3368	-0.315265685
0.3369	-0.425989568
0.337	-0.503783584
0.3371	-0.515354991
0.3372	-0.553281546
0.3373	-0.608515561
0.3374	-0.600507438
0.3375	-0.588755548
0.3376	-0.669288397
0.3377	-0.758923352
0.3378	-0.729594469
0.3379	-0.648553908
0.338	-0.65062505
0.3381	-0.68878299
0.3382	-0.662070513
0.3383	-0.607258558
0.3384	-0.624958336
0.3385	-0.706962824
0.3386	-0.746520758
0.3387	-0.745992899
0.3388	-0.769558072
0.3389	-0.817720592
0.339	-0.826250076
0.3391	-0.805031776
0.3392	-0.818159699
0.3393	-0.853197634
0.3394	-0.853739142
0.3395	-0.834261656
0.3396	-0.835242927
0.3397	-0.797139287
0.3398	-0.685638785
0.3399	-0.597114444
0.34	-0.577401876
0.3401	-0.56462127
0.3402	-0.523942769
0.3403	-0.482865185
0.3404	-0.478644788
0.3405	-0.499072552
0.3406	-0.533296645
0.3407	-0.61085248
0.3408	-0.692594588
0.3409	-0.660244405
0.341	-0.529764175
0.3411	-0.467291415
0.3412	-0.503453314
0.3413	-0.493857831
0.3414	-0.403500617
0.3415	-0.339515626
0.3416	-0.336933702
0.3417	-0.333871365
0.3418	-0.342591316
0.3419	-0.444778889
0.342	-0.590492666
0.3421	-0.645760775
0.3422	-0.636137724
0.3423	-0.667670429
0.3424	-0.74058032
0.3425	-0.756790817
0.3426	-0.680880249
0.3427	-0.608699501
0.3428	-0.603702486
0.3429	-0.580450594
0.343	-0.494221956
0.3431	-0.492406368
0.3432	-0.604639113
0.3433	-0.647297204
0.3434	-0.582245648
0.3435	-0.560823262
0.3436	-0.656715572
0.3437	-0.72382772
0.3438	-0.686725497
0.3439	-0.664318383
0.344	-0.73431921
0.3441	-0.755595505
0.3442	-0.634703636
0.3443	-0.540017128
0.3444	-0.586047411
0.3445	-0.641622245
0.3446	-0.577602863
0.3447	-0.511131465
0.3448	-0.56068027
0.3449	-0.602319241
0.345	-0.532935321
0.3451	-0.463142663
0.3452	-0.489183992
0.3453	-0.544224203
0.3454	-0.518972754
0.3455	-0.45407474
0.3456	-0.443855584
0.3457	-0.438606441
0.3458	-0.388073236
0.3459	-0.37838906
0.346	-0.444823235
0.3461	-0.4636603
0.3462	-0.401613384
0.3463	-0.391264915
0.3464	-0.448869944
0.3465	-0.490635157
0.3466	-0.532881081
0.3467	-0.585430801
0.3468	-0.607967257
0.3469	-0.608389676
0.347	-0.603123128
0.3471	-0.598685026
0.3472	-0.61047411
0.3473	-0.61527729
0.3474	-0.568770051
0.3475	-0.520168364
0.3476	-0.519531369
0.3477	-0.523908675
0.3478	-0.542098463
0.3479	-0.620076716
0.348	-0.705317557
0.3481	-0.744895935
0.3482	-0.765627027
0.3483	-0.788316667
0.3484	-0.803478539
0.3485	-0.807119906
0.3486	-0.793242335
0.3487	-0.756143868
0.3488	-0.730047584
0.3489	-0.722386777
0.349	-0.715420723
0.3491	-0.700753212
0.3492	-0.679691494
0.3493	-0.667639732
0.3494	-0.67457509
0.3495	-0.639772594
0.3496	-0.596538842
0.3497	-0.621701837
0.3498	-0.663977861
0.3499	-0.626398981
0.35	-0.53859669
0.3501	-0.487627417
0.3502	-0.491503865
0.3503	-0.506164849
0.3504	-0.485678792
0.3505	-0.454527855
0.3506	-0.475285947
0.3507	-0.510221839
0.3508	-0.483437717
0.3509	-0.447973967
0.351	-0.465693891
0.3511	-0.485502005
0.3512	-0.449554741
0.3513	-0.424378097
0.3514	-0.47641021
0.3515	-0.542292655
0.3516	-0.532707095
0.3517	-0.473780513
0.3518	-0.468742579
0.3519	-0.511100471
0.352	-0.483083516
0.3521	-0.415640771
0.3522	-0.456002593
0.3523	-0.575542271
0.3524	-0.624675512
0.3525	-0.617157698
0.3526	-0.658497036
0.3527	-0.717461109
0.3528	-0.708226383
0.3529	-0.662015915
0.353	-0.657015204
0.3531	-0.668222487
0.3532	-0.628640354
0.3533	-0.540071726
0.3534	-0.499171495
0.3535	-0.548730552
0.3536	-0.589477539
0.3537	-0.577092052
0.3538	-0.592178881
0.3539	-0.646956384
0.354	-0.678986251
0.3541	-0.695278883
0.3542	-0.734574735
0.3543	-0.763545692
0.3544	-0.745025277
0.3545	-0.688357472
0.3546	-0.610518754
0.3547	-0.538068831
0.3548	-0.486891448
0.3549	-0.46259743
0.355	-0.446703315
0.3551	-0.433530986
0.3552	-0.465755284
0.3553	-0.494709164
0.3554	-0.448212445
0.3555	-0.397948146
0.3556	-0.416407436
0.3557	-0.447374463
0.3558	-0.427048713
0.3559	-0.374250233
0.356	-0.349840254
0.3561	-0.372751325
0.3562	-0.355593681
0.3563	-0.294691205
0.3564	-0.305639178
0.3565	-0.416972518
0.3566	-0.507741928
0.3567	-0.521289229
0.3568	-0.551987052
0.3569	-0.617426872
0.357	-0.640167713
0.3571	-0.60121578
0.3572	-0.580266654
0.3573	-0.612542152
0.3574	-0.614531398
0.3575	-0.544326246
0.3576	-0.510116041
0.3577	-0.55293417
0.3578	-0.598828018
0.3579	-0.618996799
0.358	-0.658544779
0.3581	-0.715696752
0.3582	-0.749865949
0.3583	-0.750526547
0.3584	-0.736029327
0.3585	-0.748786032
0.3586	-0.773417473
0.3587	-0.737333775
0.3588	-0.70467031
0.3589	-0.733947933
0.359	-0.740263343
0.3591	-0.689947844
0.3592	-0.682535827
0.3593	-0.731348991
0.3594	-0.748935819
0.3595	-0.700337589
0.3596	-0.648703992
0.3597	-0.624934137
0.3598	-0.598255813
0.3599	-0.55504936
0.36	-0.505909324
0.3601	-0.445320398
0.3602	-0.38964349
0.3603	-0.357920051
0.3604	-0.355906904
0.3605	-0.37165466
0.3606	-0.394170612
0.3607	-0.427031666
0.3608	-0.470772773
0.3609	-0.509455442
0.361	-0.517562568
0.3611	-0.505776584
0.3612	-0.501579762
0.3613	-0.489494145
0.3614	-0.473358095
0.3615	-0.47572571
0.3616	-0.487051785
0.3617	-0.4923518
0.3618	-0.511522889
0.3619	-0.562904656
0.362	-0.615205646
0.3621	-0.648295224
0.3622	-0.67240876
0.3623	-0.692751527
0.3624	-0.706308782
0.3625	-0.717025101
0.3626	-0.740747154
0.3627	-0.757891178
0.3628	-0.742453575
0.3629	-0.702122152
0.363	-0.663603187
0.3631	-0.657618105
0.3632	-0.681745529
0.3633	-0.698497832
0.3634	-0.702878594
0.3635	-0.720547378
0.3636	-0.758296549
0.3637	-0.780843198
0.3638	-0.770794332
0.3639	-0.75627315
0.364	-0.743281364
0.3641	-0.702248394
0.3642	-0.64098829
0.3643	-0.595356882
0.3644	-0.567789376
0.3645	-0.524627268
0.3646	-0.472915232
0.3647	-0.454419017
0.3648	-0.472796142
0.3649	-0.485832304
0.365	-0.487412781
0.3651	-0.508600414
0.3652	-0.545654535
0.3653	-0.553315699
0.3654	-0.524937093
0.3655	-0.477244794
0.3656	-0.433977276
0.3657	-0.42018497
0.3658	-0.421223938
0.3659	-0.418161601
0.366	-0.430853844
0.3661	-0.479496419
0.3662	-0.523462057
0.3663	-0.541880429
0.3664	-0.561780393
0.3665	-0.579755843
0.3666	-0.567175865
0.3667	-0.532502711
0.3668	-0.51057601
0.3669	-0.514605701
0.367	-0.527849674
0.3671	-0.542697966
0.3672	-0.574693739
0.3673	-0.620127916
0.3674	-0.65314585
0.3675	-0.66275841
0.3676	-0.67158097
0.3677	-0.685373306
0.3678	-0.680873454
0.3679	-0.670484006
0.368	-0.669778764
0.3681	-0.700865448
0.3682	-0.739439011
0.3683	-0.744299829
0.3684	-0.74001801
0.3685	-0.735058546
0.3686	-0.709200859
0.3687	-0.683567941
0.3688	-0.699553907
0.3689	-0.726538956
0.369	-0.713605165
0.3691	-0.677524865
0.3692	-0.659924328
0.3693	-0.641710639
0.3694	-0.59970355
0.3695	-0.559031606
0.3696	-0.54277271
0.3697	-0.537558019
0.3698	-0.516649485
0.3699	-0.502758265
0.37	-0.521091342
0.3701	-0.57017374
0.3702	-0.589586735
0.3703	-0.553594828
0.3704	-0.540051222
0.3705	-0.560356498
0.3706	-0.537043452
0.3707	-0.479905188
0.3708	-0.457937568
0.3709	-0.473160535
0.371	-0.468333811
0.3711	-0.445903152
0.3712	-0.45471859
0.3713	-0.486196727
0.3714	-0.507983863
0.3715	-0.52400732
0.3716	-0.574128628
0.3717	-0.635524869
0.3718	-0.643675983
0.3719	-0.600629926
0.372	-0.554555595
0.3721	-0.529171169
0.3722	-0.510061502
0.3723	-0.492440492
0.3724	-0.498718381
0.3725	-0.539175689
0.3726	-0.580447495
0.3727	-0.599611402
0.3728	-0.639908433
0.3729	-0.724270582
0.373	-0.790456057
0.3731	-0.789965391
0.3732	-0.756934106
0.3733	-0.752935112
0.3734	-0.757537007
0.3735	-0.714967608
0.3736	-0.627475441
0.3737	-0.552740037
0.3738	-0.512047648
0.3739	-0.47722432
0.374	-0.451285034
0.3741	-0.462764293
0.3742	-0.510919929
0.3743	-0.565271914
0.3744	-0.612429559
0.3745	-0.663902819
0.3746	-0.695946634
0.3747	-0.664042711
0.3748	-0.596324205
0.3749	-0.543791234
0.375	-0.481213361
0.3751	-0.386390418
0.3752	-0.317687571
0.3753	-0.299974769
0.3754	-0.28006804
0.3755	-0.234943688
0.3756	-0.216345131
0.3757	-0.249700218
0.3758	-0.311133653
0.3759	-0.36337015
0.376	-0.402284533
0.3761	-0.450089425
0.3762	-0.513719916
0.3763	-0.553986847
0.3764	-0.533715367
0.3765	-0.496599793
0.3766	-0.500217259
0.3767	-0.526851594
0.3768	-0.545334518
0.3769	-0.557184994
0.377	-0.570251882
0.3771	-0.586180151
0.3772	-0.613052964
0.3773	-0.645402849
0.3774	-0.662250996
0.3775	-0.647170961
0.3776	-0.616926014
0.3777	-0.612501204
0.3778	-0.637384474
0.3779	-0.650042593
0.378	-0.658354044
0.3781	-0.691055059
0.3782	-0.735443115
0.3783	-0.754304409
0.3784	-0.743553936
0.3785	-0.762513518
0.3786	-0.805788159
0.3787	-0.803076625
0.3788	-0.741046786
0.3789	-0.688694298
0.379	-0.67741257
0.3791	-0.655550718
0.3792	-0.590482414
0.3793	-0.528081298
0.3794	-0.51564467
0.3795	-0.533834457
0.3796	-0.542994142
0.3797	-0.542749166
0.3798	-0.564399838
0.3799	-0.597659707
0.38	-0.597792447
0.3801	-0.577364683
0.3802	-0.580566585
0.3803	-0.590813041
0.3804	-0.542871654
0.3805	-0.471610755
0.3806	-0.459443301
0.3807	-0.478849173
0.3808	-0.463731945
0.3809	-0.414891481
0.381	-0.387334168
0.3811	-0.411764622
0.3812	-0.435360193
0.3813	-0.432008177
0.3814	-0.444465339
0.3815	-0.490206242
0.3816	-0.502458692
0.3817	-0.471934259
0.3818	-0.485665143
0.3819	-0.569758117
0.382	-0.65024358
0.3821	-0.665725231
0.3822	-0.667479694
0.3823	-0.708533108
0.3824	-0.737885833
0.3825	-0.708730638
0.3826	-0.674445748
0.3827	-0.684865892
0.3828	-0.689055622
0.3829	-0.652164578
0.383	-0.629311502
0.3831	-0.660677314
0.3832	-0.690418065
0.3833	-0.663610041
0.3834	-0.621044338
0.3835	-0.626197994
0.3836	-0.666113794
0.3837	-0.66089505
0.3838	-0.622825801
0.3839	-0.624924242
0.384	-0.645375907
0.3841	-0.612991512
0.3842	-0.548604608
0.3843	-0.532322228
0.3844	-0.551714718
0.3845	-0.536181569
0.3846	-0.502792418
0.3847	-0.498943537
0.3848	-0.519367874
0.3849	-0.519262135
0.385	-0.488482475
0.3851	-0.469890714
0.3852	-0.476117134
0.3853	-0.456874698
0.3854	-0.417681187
0.3855	-0.428741783
0.3856	-0.470489919
0.3857	-0.470316231
0.3858	-0.449142247
0.3859	-0.467168927
0.386	-0.495124757
0.3861	-0.487746805
0.3862	-0.470875114
0.3863	-0.489732325
0.3864	-0.536682189
0.3865	-0.565816879
0.3866	-0.562390089
0.3867	-0.582034767
0.3868	-0.629066169
0.3869	-0.651258647
0.387	-0.64751184
0.3871	-0.665347457
0.3872	-0.687853158
0.3873	-0.676704228
0.3874	-0.649074972
0.3875	-0.652549744
0.3876	-0.67590344
0.3877	-0.663824677
0.3878	-0.626177847
0.3879	-0.625683486
0.388	-0.66414845
0.3881	-0.686064899
0.3882	-0.689300895
0.3883	-0.727424741
0.3884	-0.770334661
0.3885	-0.74970901
0.3886	-0.689883351
0.3887	-0.673052609
0.3888	-0.693357587
0.3889	-0.67941916
0.389	-0.626017511
0.3891	-0.598569036
0.3892	-0.608011603
0.3893	-0.599975824
0.3894	-0.562683165
0.3895	-0.546175897
0.3896	-0.570841134
0.3897	-0.589286804
0.3898	-0.575630665
0.3899	-0.56362325
0.39	-0.563933074
0.3901	-0.53859669
0.3902	-0.474604875
0.3903	-0.42293036
0.3904	-0.409890771
0.3905	-0.41166538
0.3906	-0.406079113
0.3907	-0.401248991
0.3908	-0.419418305
0.3909	-0.476004839
0.391	-0.527754426
0.3911	-0.54378438
0.3912	-0.549398303
0.3913	-0.559208691
0.3914	-0.550236285
0.3915	-0.517569363
0.3916	-0.49699834
0.3917	-0.503075242
0.3918	-0.522246301
0.3919	-0.536440551
0.392	-0.54986161
0.3921	-0.580702722
0.3922	-0.618932307
0.3923	-0.641921818
0.3924	-0.651394784
0.3925	-0.679102242
0.3926	-0.720264792
0.3927	-0.741176426
0.3928	-0.739922822
0.3929	-0.730364263
0.393	-0.709347188
0.3931	-0.673532724
0.3932	-0.656964302
0.3933	-0.666730046
0.3934	-0.682600617
0.3935	-0.679541409
0.3936	-0.650066137
0.3937	-0.612627149
0.3938	-0.604894698
0.3939	-0.616956711
0.394	-0.610382318
0.3941	-0.601706445
0.3942	-0.620008469
0.3943	-0.650730491
0.3944	-0.637527764
0.3945	-0.57994318
0.3946	-0.533739209
0.3947	-0.519865036
0.3948	-0.500874758
0.3949	-0.471246034
0.395	-0.462750643
0.3951	-0.468994409
0.3952	-0.447265297
0.3953	-0.409042835
0.3954	-0.405850857
0.3955	-0.451400697
0.3956	-0.494381964
0.3957	-0.504505932
0.3958	-0.516857326
0.3959	-0.547078729
0.396	-0.547143221
0.3961	-0.517177343
0.3962	-0.509421349
0.3963	-0.519394875
0.3964	-0.483945101
0.3965	-0.428843826
0.3966	-0.420958161
0.3967	-0.470742077
0.3968	-0.516826928
0.3969	-0.529184818
0.397	-0.561340868
0.3971	-0.631409883
0.3972	-0.682494879
0.3973	-0.684569418
0.3974	-0.685346007
0.3975	-0.713540316
0.3976	-0.722952187
0.3977	-0.687226355
0.3978	-0.658773065
0.3979	-0.665204167
0.398	-0.674455702
0.3981	-0.659812033
0.3982	-0.654661536
0.3983	-0.681050539
0.3984	-0.709548175
0.3985	-0.719879627
0.3986	-0.707896054
0.3987	-0.69416827
0.3988	-0.674520791
0.3989	-0.644129097
0.399	-0.628272533
0.3991	-0.621565402
0.3992	-0.60382843
0.3993	-0.56299299
0.3994	-0.524783909
0.3995	-0.507023335
0.3996	-0.500724971
0.3997	-0.493704319
0.3998	-0.487385482
0.3999	-0.47349456
0.4	-0.461827666
0.4001	-0.446267247
0.4002	-0.41929239
0.4003	-0.388076663
0.4004	-0.355835587
0.4005	-0.32196939
0.4006	-0.279781461
0.4007	-0.2397912
0.4008	-0.220824495
0.4009	-0.218361661
0.401	-0.225164309
0.4011	-0.23338367
0.4012	-0.243684709
0.4013	-0.247022763
0.4014	-0.237754196
0.4015	-0.232481167
0.4016	-0.21850805
0.4017	-0.207628295
0.4018	-0.218872771
0.4019	-0.227051213
0.402	-0.210090816
0.4021	-0.181382254
0.4022	-0.176626861
0.4023	-0.188460618
0.4024	-0.205805898
0.4025	-0.223716572
0.4026	-0.236221164
0.4027	-0.251307994
0.4028	-0.25441128
0.4029	-0.240663007
0.403	-0.233870596
0.4031	-0.222425446
0.4032	-0.178040788
0.4033	-0.120302998
0.4034	-0.09558969
0.4035	-0.092823848
0.4036	-0.068355858
0.4037	-0.03251436
0.4038	-0.020874752
0.4039	-0.01624186
0.404	0.00408047
0.4041	0.030717898
0.4042	0.037384078
0.4043	0.02655549
0.4044	0.026552079
0.4045	0.040838435
0.4046	0.042875443
0.4047	0.041659068
0.4048	0.064311489
0.4049	0.101968862
0.405	0.129189044
0.4051	0.14768216
0.4052	0.161907107
0.4053	0.159532666
0.4054	0.144691154
0.4055	0.132728383
0.4056	0.12916176
0.4057	0.11967174
0.4058	0.097567648
0.4059	0.063228168
0.406	0.03686304
0.4061	0.028650496
0.4062	0.017154172
0.4063	-0.000167228
0.4064	-0.006919007
0.4065	-0.009361061
0.4066	-0.011357131
0.4067	-0.010914249
0.4068	-0.007681955
0.4069	-0.00129149
0.407	-0.009326945
0.4071	-0.042900067
0.4072	-0.080465332
0.4073	-0.091175139
0.4074	-0.101714365
0.4075	-0.127214193
0.4076	-0.12887314
0.4077	-0.113268681
0.4078	-0.110781968
0.4079	-0.109405868
0.408	-0.087864064
0.4081	-0.064609036
0.4082	-0.062163264
0.4083	-0.063903779
0.4084	-0.04819015
0.4085	-0.020452339
0.4086	-0.01411646
0.4087	-0.044099383
0.4088	-0.06337592
0.4089	-0.044576071
0.409	-0.03005494
0.4091	-0.03625777
0.4092	-0.027128754
0.4093	0.001794727
0.4094	0.007565219
0.4095	0.00403612
0.4096	0.032073837
0.4097	0.07887356
0.4098	0.102789812
0.4099	0.097874381
0.41	0.082123227
0.4101	0.078941792
0.4102	0.081901781
0.4103	0.07074289
0.4104	0.064958759
0.4105	0.078093864
0.4106	0.093033999
0.4107	0.106117629
0.4108	0.124423414
0.4109	0.140075639
0.411	0.140119985
0.4111	0.127571046
0.4112	0.115781635
0.4113	0.112780705
0.4114	0.116966993
0.4115	0.118431792
0.4116	0.105191238
0.4117	0.091477089
0.4118	0.087890305
0.4119	0.084184423
0.412	0.077586167
0.4121	0.07004787
0.4122	0.070201389
0.4123	0.076502837
0.4124	0.068944074
0.4125	0.034730818
0.4126	-0.001564105
0.4127	-0.026515605
0.4128	-0.040737141
0.4129	-0.04571398
0.413	-0.034179822
0.4131	-0.002197413
0.4132	0.039714482
0.4133	0.064781666
0.4134	0.057856515
0.4135	0.055417564
0.4136	0.087311268
0.4137	0.107334003
0.4138	0.074254937
0.4139	0.031528607
0.414	0.038896948
0.4141	0.068055205
0.4142	0.065381169
0.4143	0.057825811
0.4144	0.079957195
0.4145	0.109527633
0.4146	0.11333245
0.4147	0.1192118
0.4148	0.152938128
0.4149	0.183401152
0.415	0.178107664
0.4151	0.163651347
0.4152	0.179269448
0.4153	0.188806921
0.4154	0.168014735
0.4155	0.148094341
0.4156	0.155019492
0.4157	0.164625198
0.4158	0.157152027
0.4159	0.147409856
0.416	0.151473328
0.4161	0.151756182
0.4162	0.125333056
0.4163	0.097217187
0.4164	0.088414751
0.4165	0.073011272
0.4166	0.045079309
0.4167	0.033562515
0.4168	0.046285138
0.4169	0.059402883
0.417	0.042885367
0.4171	0.019794097
0.4172	0.012197492
0.4173	0.018380161
0.4174	0.015426994
0.4175	8.46072E-05
0.4176	-0.024447892
0.4177	-0.05483276
0.4178	-0.08075159
0.4179	-0.091086432
0.418	-0.092684284
0.4181	-0.087772265
0.4182	-0.091614299
0.4183	-0.091672599
0.4184	-0.073513202
0.4185	-0.054927975
0.4186	-0.044671286
0.4187	-0.037776843
0.4188	-0.032302845
0.4189	-0.032728978
0.419	-0.034656819
0.4191	-0.020574845
0.4192	-0.009589325
0.4193	-0.007572785
0.4194	-0.001277844
0.4195	0.018353179
0.4196	0.039792638
0.4197	0.049143091
0.4198	0.054255772
0.4199	0.06742841
0.42	0.082583472
0.4201	0.07937444
0.4202	0.067091286
0.4203	0.063463256
0.4204	0.067714676
0.4205	0.057498924
0.4206	0.047719233
0.4207	0.058578525
0.4208	0.07112065
0.4209	0.067936115
0.421	0.0744863
0.4211	0.086531267
0.4212	0.087631337
0.4213	0.07374382
0.4214	0.060196843
0.4215	0.056541517
0.4216	0.049861692
0.4217	0.028371058
0.4218	-0.002970906
0.4219	-0.020547552
0.422	-0.032742314
0.4221	-0.055483438
0.4222	-0.071496658
0.4223	-0.069176801
0.4224	-0.072722957
0.4225	-0.088535212
0.4226	-0.094087362
0.4227	-0.079780847
0.4228	-0.067092031
0.4229	-0.068219706
0.423	-0.068757802
0.4231	-0.057884552
0.4232	-0.043799479
0.4233	-0.038073335
0.4234	-0.036486033
0.4235	-0.031165246
0.4236	-0.030736011
0.4237	-0.036707472
0.4238	-0.040822431
0.4239	-0.02950971
0.424	-0.007586432
0.4241	0.006348844
0.4242	0.012534926
0.4243	0.031613898
0.4244	0.062574387
0.4245	0.08912684
0.4246	0.109810174
0.4247	0.124079473
0.4248	0.13349475
0.4249	0.136727348
0.425	0.129301324
0.4251	0.11741329
0.4252	0.113952421
0.4253	0.114402123
0.4254	0.104244374
0.4255	0.08920189
0.4256	0.085785374
0.4257	0.102149367
0.4258	0.122383304
0.4259	0.130388051
0.426	0.131294295
0.4261	0.139248177
0.4262	0.145501867
0.4263	0.126320869
0.4264	0.08957313
0.4265	0.066123649
0.4266	0.058507193
0.4267	0.040480532
0.4268	0.000329929
0.4269	-0.037170824
0.427	-0.045219924
0.4271	-0.038318656
0.4272	-0.049167715
0.4273	-0.068617925
0.4274	-0.066775374
0.4275	-0.053510938
0.4276	-0.050101243
0.4277	-0.054096796
0.4278	-0.058324333
0.4279	-0.061737128
0.428	-0.071595289
0.4281	-0.083228074
0.4282	-0.087758616
0.4283	-0.089107424
0.4284	-0.097313456
0.4285	-0.108680137
0.4286	-0.098158278
0.4287	-0.07638821
0.4288	-0.081616573
0.4289	-0.101012826
0.429	-0.084471121
0.4291	-0.054573793
0.4292	-0.056995686
0.4293	-0.075958975
0.4294	-0.068604589
0.4295	-0.034404673
0.4296	-0.021685462
0.4297	-0.034438789
0.4298	-0.026716577
0.4299	0.012810952
0.43	0.047977891
0.4301	0.053744972
0.4302	0.054685012
0.4303	0.07286147
0.4304	0.089028217
0.4305	0.090356551
0.4306	0.081894957
0.4307	0.077630512
0.4308	0.070718706
0.4309	0.056637041
0.431	0.049327005
0.4311	0.052638076
0.4312	0.04981393
0.4313	0.040957529
0.4314	0.045828611
0.4315	0.062938802
0.4316	0.063882567
0.4317	0.056003422
0.4318	0.055513088
0.4319	0.056497477
0.432	0.041396998
0.4321	0.020958988
0.4322	0.015403114
0.4323	0.006873603
0.4324	-0.015202885
0.4325	-0.04104387
0.4326	-0.052454904
0.4327	-0.056150861
0.4328	-0.062292591
0.4329	-0.063099891
0.433	-0.043339539
0.4331	-0.03187361
0.4332	-0.050169472
0.4333	-0.064952679
0.4334	-0.051078808
0.4335	-0.033396404
0.4336	-0.044003863
0.4337	-0.054464933
0.4338	-0.037385441
0.4339	-0.006775722
0.434	0.002292194
0.4341	-0.002865148
0.4342	0.017651329
0.4343	0.059249673
0.4344	0.075549155
0.4345	0.066225991
0.4346	0.078291118
0.4347	0.101212427
0.4348	0.10164167
0.4349	0.093408652
0.435	0.111169212
0.4351	0.143025696
0.4352	0.158483773
0.4353	0.157213122
0.4354	0.166267082
0.4355	0.184702516
0.4356	0.188619599
0.4357	0.178294986
0.4358	0.175645143
0.4359	0.179613397
0.436	0.164376765
0.4361	0.128313825
0.4362	0.111012898
0.4363	0.123834148
0.4364	0.136253759
0.4365	0.123187192
0.4366	0.117069341
0.4367	0.124740385
0.4368	0.125432
0.4369	0.095476367
0.437	0.059587106
0.4371	0.048478771
0.4372	0.035142995
0.4373	0.002281649
0.4374	-0.027851073
0.4375	-0.029172586
0.4376	-0.025483454
0.4377	-0.027854176
0.4378	-0.031900901
0.4379	-0.026515605
0.438	-0.025146021
0.4381	-0.031127719
0.4382	-0.038189329
0.4383	-0.04224598
0.4384	-0.045567285
0.4385	-0.05970012
0.4386	-0.07364253
0.4387	-0.078237891
0.4388	-0.082669199
0.4389	-0.084096469
0.439	-0.059642434
0.4391	-0.026134131
0.4392	-0.006847054
0.4393	0.006093288
0.4394	0.02883441
0.4395	0.04209885
0.4396	0.042909559
0.4397	0.042391624
0.4398	0.047388621
0.4399	0.047307055
0.44	0.035360716
0.4401	0.02745459
0.4402	0.044129036
0.4403	0.061078887
0.4404	0.061562706
0.4405	0.061341267
0.4406	0.084473789
0.4407	0.102779575
0.4408	0.086418681
0.4409	0.072258554
0.441	0.085117638
0.4411	0.090976521
0.4412	0.066961646
0.4413	0.054467291
0.4414	0.063266002
0.4415	0.062887631
0.4416	0.035878651
0.4417	0.007071164
0.4418	0.007793483
0.4419	0.021459555
0.442	0.001068996
0.4421	-0.037644099
0.4422	-0.041953206
0.4423	-0.028699001
0.4424	-0.057895098
0.4425	-0.10835325
0.4426	-0.109576136
0.4427	-0.081834912
0.4428	-0.086304054
0.4429	-0.109545432
0.443	-0.099585548
0.4431	-0.06195857
0.4432	-0.060633644
0.4433	-0.090364426
0.4434	-0.081753038
0.4435	-0.042964887
0.4436	-0.041302528
0.4437	-0.08319737
0.4438	-0.087908417
0.4439	-0.050564595
0.444	-0.054079738
0.4441	-0.102552362
0.4442	-0.111282848
0.4443	-0.058211751
0.4444	-0.032967169
0.4445	-0.055486538
0.4446	-0.039374691
0.4447	0.02881394
0.4448	0.066753857
0.4449	0.046360195
0.445	0.046312433
0.4451	0.106169112
0.4452	0.150700152
0.4453	0.126276821
0.4454	0.105664819
0.4455	0.141894922
0.4456	0.162469089
0.4457	0.116769433
0.4458	0.073028639
0.4459	0.089893505
0.446	0.106288202
0.4461	0.069833249
0.4462	0.04153005
0.4463	0.064440817
0.4464	0.089907154
0.4465	0.072514109
0.4466	0.054211736
0.4467	0.072602503
0.4468	0.095200337
0.4469	0.084160231
0.447	0.065824047
0.4471	0.073862918
0.4472	0.077296801
0.4473	0.04027956
0.4474	0.005081606
0.4475	-0.003151409
0.4476	-0.012389282
0.4477	-0.042893555
0.4478	-0.063539051
0.4479	-0.0579869
0.448	-0.045325685
0.4481	-0.051746231
0.4482	-0.060878966
0.4483	-0.057046551
0.4484	-0.045332506
0.4485	-0.039514255
0.4486	-0.041622594
0.4487	-0.037678216
0.4488	-0.026907314
0.4489	-0.033645138
0.449	-0.041231196
0.4491	-0.028736528
0.4492	-0.006015875
0.4493	-0.002347522
0.4494	-0.002163298
0.4495	0.016799681
0.4496	0.029283805
0.4497	0.034355856
0.4498	0.05071675
0.4499	0.068457149