0	0.125129131
0.0005	0.153790653
0.001	0.131438793
0.0015	0.083131954
0.002	0.028280683
0.0025	-0.023045277
0.003	-0.058510859
0.0035	-0.052239547
0.004	0.024175422
0.0045	0.203003757
0.005	0.503116412
0.0055	0.931278554
0.006	1.512624417
0.0065	2.273199457
0.007	3.189519101
0.0075	4.196737405
0.008	5.243138046
0.0085	6.315854433
0.009	7.435422925
0.0095	8.599502707
0.01	9.774827459
0.0105	10.94136247
0.011	12.10646337
0.0115	13.27155338
0.012	14.43360719
0.0125	15.60293109
0.013	16.7675016
0.0135	17.90706544
0.014	19.02611002
0.0145	20.1155443
0.015	21.17732563
0.0155	22.21058655
0.016	23.1835043
0.0165	24.05691677
0.017	24.82880779
0.0175	25.50211206
0.018	26.04434582
0.0185	26.41604038
0.019	26.58046218
0.0195	26.50349951
0.02	26.15795032
0.0205	25.53298522
0.021	24.65151887
0.0215	23.57656663
0.022	22.36668734
0.0225	21.06809396
0.023	19.73553124
0.0235	18.40340092
0.024	17.06235205
0.0245	15.69850486
0.025	14.33745163
0.0255	13.01752759
0.026	11.75958997
0.0265	10.56835246
0.027	9.456697447
0.0275	8.488517763
0.028	7.751668883
0.0285	7.312331369
0.029	7.180672624
0.0295	7.313819046
0.03	7.662822156
0.0305	8.207523327
0.031	8.943491303
0.0315	9.819982535
0.032	10.75348097
0.0325	11.68272138
0.033	12.58860395
0.0335	13.47216228
0.034	14.34551387
0.0345	15.22099046
0.035	16.08813121
0.0355	16.93438881
0.036	17.76324576
0.0365	18.59921888
0.037	19.46588057
0.0375	20.34729086
0.038	21.18899729
0.0385	21.95336919
0.039	22.65204457
0.0395	23.32966565
0.04	24.007116
0.0405	24.65738793
0.041	25.2000944
0.0415	25.53570543
0.042	25.6072344
0.0425	25.4361434
0.043	25.08236135
0.0435	24.59635777
0.044	23.99542852
0.0445	23.28598652
0.045	22.50454377
0.0455	21.72460388
0.046	21.00752941
0.0465	20.3775557
0.047	19.83198808
0.0475	19.37422864
0.048	19.01282629
0.0485	18.77049023
0.049	18.65798983
0.0495	18.62790012
0.05	18.5900239
0.0505	18.48666273
0.051	18.28861322
0.0515	17.95541377
0.052	17.43450084
0.0525	16.68399594
0.053	15.68121344
0.0535	14.42596043
0.054	12.9521498
0.0545	11.34445042
0.055	9.728931421
0.0555	8.227478881
0.056	6.926153576
0.0565	5.886222372
0.057	5.16341171
0.0575	4.792498332
0.058	4.759633998
0.0585	5.004870457
0.059	5.429484335
0.0595	5.90843672
0.06	6.302729152
0.0605	6.471442594
0.061	6.325436524
0.0615	5.881834987
0.062	5.229197192
0.0625	4.448801054
0.063	3.593330723
0.0635	2.70011209
0.064	1.805523766
0.0645	0.939768962
0.065	0.119149873
0.0655	-0.638914026
0.066	-1.320403282
0.0665	-1.923794646
0.067	-2.419336915
0.0675	-2.763088795
0.068	-2.926441901
0.0685	-2.906779659
0.069	-2.731417063
0.0695	-2.424063419
0.07	-1.989713526
0.0705	-1.447784518
0.071	-0.838046188
0.0715	-0.222424383
0.072	0.348160536
0.0725	0.838201553
0.073	1.235420583
0.0735	1.533265099
0.074	1.730091106
0.0745	1.82620465
0.075	1.821351421
0.0755	1.722890508
0.076	1.551643261
0.0765	1.329049362
0.077	1.08083953
0.0775	0.837667844
0.078	0.617378558
0.0785	0.42280134
0.079	0.246933156
0.0795	0.071313375
0.08	-0.110888262
0.0805	-0.293142875
0.081	-0.476104948
0.0815	-0.658338669
0.082	-0.839673831
0.0825	-1.019328249
0.083	-1.176421079
0.0835	-1.269432863
0.084	-1.27014086
0.0845	-1.170512987
0.085	-0.974373641
0.0855	-0.718714148
0.086	-0.453303905
0.0865	-0.219061718
0.087	-0.044436032
0.0875	0.063481001
0.088	0.102797938
0.0885	0.069169428
0.089	-0.035555707
0.0895	-0.188026153
0.09	-0.336667752
0.0905	-0.432754739
0.091	-0.461121846
0.0915	-0.442590085
0.092	-0.410666655
0.0925	-0.402932445
0.093	-0.444083232
0.0935	-0.522674046
0.094	-0.613488749
0.0945	-0.692102526
0.095	-0.731618426
0.0955	-0.720006304
0.096	-0.660717993
0.0965	-0.565046987
0.097	-0.442874443
0.0975	-0.293589636
0.098	-0.141537342
0.0985	-0.019479907
0.099	0.059108921
0.0995	0.092208733
0.1	0.076222464
0.1005	0.00889743
0.101	-0.101382592
0.1015	-0.232087556
0.102	-0.362830803
0.1025	-0.480055347
0.103	-0.581646818
0.1035	-0.663676764
0.104	-0.721540125
0.1045	-0.745053169
0.105	-0.724267266
0.1055	-0.659828022
0.106	-0.567406903
0.1065	-0.468108222
0.107	-0.381948405
0.1075	-0.325031948
0.108	-0.296885042
0.1085	-0.284813293
0.109	-0.279591247
0.1095	-0.281057319
0.11	-0.288897658
0.1105	-0.294673232
0.111	-0.303127217
0.1115	-0.323965947
0.112	-0.355965649
0.1125	-0.394250816
0.113	-0.441461362
0.1135	-0.509093718
0.114	-0.597024026
0.1145	-0.678081641
0.115	-0.718914626
0.1155	-0.709687019
0.116	-0.669683434
0.1165	-0.618466887
0.117	-0.566909471
0.1175	-0.513905795
0.118	-0.460952331
0.1185	-0.414522229
0.119	-0.36967893
0.1195	-0.320747473
0.12	-0.270644849
0.1205	-0.224074351
0.121	-0.195705482
0.1215	-0.189964644
0.122	-0.197627556
0.1225	-0.215710265
0.123	-0.236683887
0.1235	-0.256974908
0.124	-0.276214356
0.1245	-0.286431057
0.125	-0.286038984
0.1255	-0.283830751
0.126	-0.276682995
0.1265	-0.24883849
0.127	-0.180168844
0.1275	-0.067669006
0.128	0.060911436
0.1285	0.173644695
0.129	0.253207801
0.1295	0.293411264
0.13	0.299215975
0.1305	0.277529009
0.131	0.224260789
0.1315	0.138388264
0.132	0.027318492
0.1325	-0.093945308
0.133	-0.207338628
0.1335	-0.306594758
0.134	-0.398083933
0.1345	-0.485994363
0.135	-0.565685658
0.1355	-0.62771291
0.136	-0.658473559
0.1365	-0.652271179
0.137	-0.616098787
0.1375	-0.561961679
0.138	-0.508194676
0.1385	-0.464779159
0.139	-0.428044074
0.1395	-0.392808927
0.14	-0.358709395
0.1405	-0.329460418
0.141	-0.310776264
0.1415	-0.298238927
0.142	-0.287544486
0.1425	-0.281343247
0.143	-0.28296058
0.1435	-0.294562672
0.144	-0.311248997
0.1445	-0.326936061
0.145	-0.341066939
0.1455	-0.347750185
0.146	-0.342061953
0.1465	-0.326590668
0.147	-0.307934773
0.1475	-0.293464421
0.148	-0.282251629
0.1485	-0.261276171
0.149	-0.220181732
0.1495	-0.157695607
0.15	-0.083856121
0.1505	-0.015590594
0.151	0.0395037
0.1515	0.079450137
0.152	0.097440888
0.1525	0.086981508
0.153	0.04599937
0.1535	-0.016261099
0.154	-0.077513779
0.1545	-0.121506095
0.155	-0.143653689
0.1555	-0.147873049
0.156	-0.146536714
0.1565	-0.152052626
0.157	-0.17153766
0.1575	-0.200438825
0.158	-0.226585649
0.1585	-0.242274308
0.159	-0.245536267
0.1595	-0.237905296
0.16	-0.228242353
0.1605	-0.223800831
0.161	-0.227878244
0.1615	-0.238735908
0.162	-0.251239995
0.1625	-0.259889266
0.163	-0.26135504
0.1635	-0.255795995
0.164	-0.246921449
0.1645	-0.240145236
0.165	-0.238037097
0.1655	-0.244087665
0.166	-0.26272203
0.1665	-0.289336115
0.167	-0.314889383
0.1675	-0.335635604
0.168	-0.351634022
0.1685	-0.362023454
0.169	-0.364505137
0.1695	-0.356243943
0.17	-0.336826794
0.1705	-0.311576459
0.171	-0.285117281
0.1715	-0.256713753
0.172	-0.224513926
0.1725	-0.185708577
0.173	-0.134880336
0.1735	-0.072170154
0.174	-0.009215921
0.1745	0.039974236
0.175	0.066915311
0.1755	0.072426318
0.176	0.059533981
0.1765	0.030172998
0.177	-0.007941734
0.1775	-0.046600325
0.178	-0.082977755
0.1785	-0.118869656
0.179	-0.154836997
0.1795	-0.188305978
0.18	-0.215206804
0.1805	-0.232386402
0.181	-0.237753215
0.1815	-0.236338704
0.182	-0.239764064
0.1825	-0.249833506
0.183	-0.255439087
0.1835	-0.249856232
0.184	-0.242183433
0.1845	-0.246532404
0.185	-0.262711116
0.1855	-0.273821068
0.186	-0.272027406
0.1865	-0.269087679
0.187	-0.27930963
0.1875	-0.298853849
0.188	-0.310643908
0.1885	-0.304713823
0.189	-0.287333306
0.1895	-0.270495794
0.19	-0.256198089
0.1905	-0.236091617
0.191	-0.205604406
0.1915	-0.173992092
0.192	-0.151684938
0.1925	-0.135148315
0.193	-0.114633199
0.1935	-0.089601069
0.194	-0.069180568
0.1945	-0.05697632
0.195	-0.043741294
0.1955	-0.020937676
0.196	0.005682105
0.1965	0.022043565
0.197	0.018774812
0.1975	-0.0010997
0.198	-0.026681748
0.1985	-0.051570913
0.199	-0.080267314
0.1995	-0.118632233
0.2	-0.16563742
