0	0
0.0001	0.135449588516263
0.0002	0.143487125954465
0.0003	0.149230390050946
0.0004	0.152657807044834
0.0005	0.153790652616944
0.0006	0.152742058486592
0.0007	0.149722277036458
0.0008	0.144995807421037
0.0009	0.138824506495132
0.001	0.131438795391538
0.0011	0.123044385967998
0.0012	0.113838081940705
0.0013	0.104008719677648
0.0014	0.093726257193088
0.0015	0.0831319554634544
0.0016	0.072330544948229
0.0017	0.0613877798014119
0.0018	0.050350725953198
0.0019	0.0392837410848167
0.002	0.0282806821107051
0.0021	0.0174409648618646
0.0022	0.0068393425733237
0.0023	-0.0034783309208481
0.0024	-0.0134669029006867
0.0025	-0.0230452767700099
0.0026	-0.032076007989906
0.0027	-0.0403676423468734
0.0028	-0.0476947789276967
0.0029	-0.0538213905050378
0.003	-0.0585108574441502
0.0031	-0.0615229174032601
0.0032	-0.0626179572007602
0.0033	-0.0615727821983754
0.0034	-0.0581822450617502
0.0035	-0.0522395481029689
0.0036	-0.043522276666764
0.0037	-0.0317943879870088
0.0038	-0.0168005292314608
0.0039	0.0017495700898387
0.004	0.0241754224456846
0.0041	0.050782555732622
0.0042	0.0818150485120874
0.0043	0.117448343239148
0.0044	0.157811339253041
0.0045	0.203003754500463
0.0046	0.25310138588811
0.0047	0.308152775085664
0.0048	0.368173787396621
0.0049	0.433159551280494
0.005	0.503116392026765
0.0051	0.578101256231327
0.0052	0.658233750258956
0.0053	0.74367304677012
0.0054	0.834606637366901
0.0055	0.931278556934745
0.0056	1.03401312839175
0.0057	1.14319111184734
0.0058	1.25917992001129
0.0059	1.3822655289149
0.006	1.51262443323956
0.0061	1.6503185527283
0.0062	1.79532573303659
0.0063	1.9475775830853
0.0064	2.10694864177787
0.0065	2.27319957146504
0.0066	2.44592649122722
0.0067	2.62456430803976
0.0068	2.80845959186229
0.0069	2.99696842209831
0.007	3.18951898728493
0.0071	3.38562503300474
0.0072	3.5848431692457
0.0073	3.78673494772371
0.0074	3.99084805984919
0.0075	4.19673763639492
0.0076	4.40402099709175
0.0077	4.61242684507059
0.0078	4.8217882785714
0.0079	5.03202804903506
0.008	5.2431379871059
0.0081	5.45517781478407
0.0082	5.66826096533533
0.0083	5.88256530071902
0.0084	6.098334962524
0.0085	6.31585449609897
0.0086	6.53539784051638
0.0087	6.75713655012074
0.0088	6.98111306458277
0.0089	7.20725538196423
0.009	7.43542283312622
0.0091	7.66544446578148
0.0092	7.89712810823858
0.0093	8.13023749934258
0.0094	8.36447842976168
0.0095	8.59950232880493
0.0096	8.83492648518886
0.0097	9.07039861074804
0.0098	9.30563994732084
0.0099	9.5404759711199
0.01	9.77482752646635
0.0101	10.0086936601164
0.0102	10.2421456330861
0.0103	10.4753203540256
0.0104	10.708358698675
0.0105	10.9413627108216
0.0106	11.1743657692826
0.0107	11.4073628430937
0.0108	11.6403611331577
0.0109	11.8733842187441
0.011	12.1064635712683
0.0111	12.3396068201731
0.0112	12.5727767717869
0.0113	12.805887331964
0.0114	13.0388407998647
0.0115	13.2715529875505
0.0116	13.5040095895273
0.0117	13.7362849930721
0.0118	13.9685277162244
0.0119	14.2009185139796
0.012	14.4336068586351
0.0121	14.6667033772328
0.0122	14.9002519391873
0.0123	15.1342267946901
0.0124	15.3685160873861
0.0125	15.602931539682
0.0126	15.8372153851931
0.0127	16.0710757976138
0.0128	16.3042228586064
0.0129	16.5364178987246
0.013	16.7675012120186
0.0131	16.997409594736
0.0132	17.2261869154011
0.0133	17.4539609669565
0.0134	17.6808824311851
0.0135	17.90706555378
0.0136	18.1325526943399
0.0137	18.3573093180068
0.0138	18.5812476856577
0.0139	18.8042342826857
0.014	19.0261106452754
0.0141	19.2467321340445
0.0142	19.4659974936704
0.0143	19.6838571321107
0.0144	19.9003358449589
0.0145	20.1155442598241
0.0146	20.3296463280934
0.0147	20.5428157908412
0.0148	20.7551536465227
0.0149	20.9666808755361
0.015	21.1773249987766
0.0151	21.3869333883283
0.0152	21.5952982339161
0.0153	21.8021925095225
0.0154	22.0073816092225
0.0155	22.2105870583012
0.0156	22.411459810745
0.0157	22.6096031358317
0.0158	22.8045859707678
0.0159	22.9960061481679
0.016	23.1835045948327
0.0161	23.3668144916424
0.0162	23.5458061371944
0.0163	23.7204509204863
0.0164	23.890792710474
0.0165	24.0569173363186
0.0166	24.2189544987313
0.0167	24.3770586953775
0.0168	24.5313596264092
0.0169	24.681939307805
0.017	24.8288083898584
0.0171	24.9719113122643
0.0172	25.1110793626817
0.0173	25.2460550483858
0.0174	25.376517933565
0.0175	25.5021113423061
0.0176	25.6224614297661
0.0177	25.7371905391023
0.0178	25.8459439037709
0.0179	25.9484163466541
0.018	26.0443465597567
0.0181	26.1334773624102
0.0182	26.2155297952759
0.0183	26.2901931369764
0.0184	26.3571336001015
0.0185	26.4160402849652
0.0186	26.466623273054
0.0187	26.5086231590388
0.0188	26.5417824506159
0.0189	26.5658264910904
0.019	26.5804615473576
0.0191	26.5854148670843
0.0192	26.5804157942395
0.0193	26.5652371770031
0.0194	26.5396672908437
0.0195	26.5035001410091
0.0196	26.4565507135984
0.0197	26.3986511610063
0.0198	26.3296546105676
0.0199	26.2494447157855
0.02	26.1579509081646
0.0201	26.0551789098727
0.0202	25.9411668684897
0.0203	25.8160125877752
0.0204	25.6798716276432
0.0205	25.5329846266325
0.0206	25.3756662983711
0.0207	25.2083248169245
0.0208	25.0314637244984
0.0209	24.845657131046
0.021	24.6515192091755
0.0211	24.4496832043937
0.0212	24.2407651931322
0.0213	24.0253164012863
0.0214	23.8037930531376
0.0215	23.5765664579812
0.0216	23.3439840069187
0.0217	23.1063756729744
0.0218	22.8640657071603
0.0219	22.6173859897656
0.022	22.3666874725019
0.0221	22.1123630730398
0.0222	21.8548552997051
0.0223	21.5946486215238
0.0224	21.332233229594
0.0225	21.0680947110991
0.0226	20.8026771712486
0.0227	20.5363898742437
0.0228	20.269578052458
0.0229	20.002543068765
0.023	19.7355309726202
0.0231	19.468703889891
0.0232	19.2021323927653
0.0233	18.935797407411
0.0234	18.6696111949036
0.0235	18.4034001849417
0.0236	18.1368985012313
0.0237	17.8697681553257
0.0238	17.6017299105375
0.0239	17.3326063816067
0.024	17.062351791184
0.0241	16.7910214522638
0.0242	16.5187603233895
0.0243	16.2457667704332
0.0244	15.9722649082898
0.0245	15.698504601126
0.0246	15.4247853045738
0.0247	15.1514621037556
0.0248	14.8788919772525
0.0249	14.6074452800561
0.025	14.3374519854327
0.0251	14.0691857996636
0.0252	13.8028689302146
0.0253	13.5386968829651
0.0254	13.2768642074876
0.0255	13.0175273065205
0.0256	12.7607605666433
0.0257	12.5065678024539
0.0258	12.2549536760074
0.0259	12.0059440987702
0.026	11.7595895595047
0.0261	11.5159329737996
0.0262	11.2749876933497
0.0263	11.0367403667607
0.0264	10.801180505485
0.0265	10.5683529310989
0.0266	10.338430259812
0.0267	10.1117615389973
0.0268	9.88884268263985
0.0269	9.67027376538024
0.027	9.45669704307627
0.0271	9.24880041886945
0.0272	9.04729438356448
0.0273	8.85291327000337
0.0274	8.66640571627286
0.0275	8.48851750647395
0.0276	8.31997343186514
0.0277	8.161443927765
0.0278	8.01353076539279
0.0279	7.87677563414144
0.028	7.75166903197707
0.0281	7.63863449163364
0.0282	7.53801635372609
0.0283	7.45005017784453
0.0284	7.37483943895269
0.0285	7.31233120849011
0.0286	7.26232665414311
0.0287	7.22453394101711
0.0288	7.19860211404207
0.0289	7.1841277667185
0.029	7.18067268337704
0.0291	7.1877955556543
0.0292	7.2050794193799
0.0293	7.23212608332048
0.0294	7.26851640568044
0.0295	7.31381884668084
0.0296	7.36765336490353
0.0297	7.42971049770002
0.0298	7.49971844007102
0.0299	7.5774568921631
0.03	7.66282238059455
0.0301	7.75585972921604
0.0302	7.85672624663738
0.0303	7.9656059326102
0.0304	8.08257137345422
0.0305	8.20752291094388
0.0306	8.34027076331548
0.0307	8.48060512118941
0.0308	8.62823797937222
0.0309	8.78271824113565
0.031	8.94349086503239
0.0311	9.10999127286418
0.0312	9.28161292400039
0.0313	9.45765440813092
0.0314	9.63736368504598
0.0315	9.8199825539189
0.0316	10.0047998202601
0.0317	10.1911169752369
0.0318	10.378312441623
0.0319	10.5658887291553
0.032	10.7534809214644
0.0321	10.9408226059956
0.0322	11.1276060969599
0.0323	11.3135868605877
0.0324	11.49862801687
0.0325	11.6827214165399
0.0326	11.8658390426008
0.0327	12.047964967055
0.0328	12.2290989825618
0.0329	12.4093022362815
0.033	12.5886042927523
0.0331	12.7669736595776
0.0332	12.9444350827824
0.0333	13.1210335046241
0.0334	13.2968917641501
0.0335	13.472162692449
0.0336	13.647063441174
0.0337	13.8217383328406
0.0338	13.9963005201514
0.0339	14.1708419001998
0.034	14.3455139301
0.0341	14.5204175369081
0.0342	14.6955177599043
0.0343	14.8707303654536
0.0344	15.0459288158696
0.0345	15.2209907383459
0.0346	15.395718081475
0.0347	15.56992739966
0.0348	15.7434483639224
0.0349	15.9162032951738
0.035	16.0881306950457
0.0351	16.2592112542812
0.0352	16.4294131650913
0.0353	16.5986741427371
0.0354	16.7669877361102
0.0355	16.9343890785657
0.0356	17.1009936481456
0.0357	17.2669473360542
0.0358	17.432470415034
0.0359	17.5978118543786
0.036	17.7632452884402
0.0361	17.9289796364305
0.0362	18.0952079746984
0.0363	18.2621539552316
0.0364	18.4300702681581
0.0365	18.5992192814179
0.0366	18.769754341022
0.0367	18.9417568114184
0.0368	19.1152043455294
0.0369	19.2899992366022
0.037	19.4658805078794
0.0371	19.6425007684134
0.0372	19.8194272476533
0.0373	19.9962087725013
0.0374	20.1723407483327
0.0375	20.3472912520805
0.0376	20.52059457493
0.0377	20.6917972010035
0.0378	20.8604903609272
0.0379	21.026299092321
0.038	21.1889973196815
0.0381	21.3484489600725
0.0382	21.5045991096016
0.0383	21.6574094686837
0.0384	21.8069373660692
0.0385	21.9533694415944
0.0386	22.0969808342822
0.0387	22.2381828338682
0.0388	22.3774493540382
0.0389	22.515275264482
0.039	22.6520451048577
0.0391	22.7880666218562
0.0392	22.9236005207838
0.0393	23.0589258422383
0.0394	23.194240400674
0.0395	23.3296655825037
0.0396	23.4652350475804
0.0397	23.6009234395072
0.0398	23.7366321450034
0.0399	23.872129806062
0.04	24.0071156116975
0.0401	24.1411999505766
0.0402	24.2739197722284
0.0403	24.404672025238
0.0404	24.5327549670667
0.0405	24.6573885397072
0.0406	24.7777783724088
0.0407	24.893102890641
0.0408	25.0025008542025
0.0409	25.1051145265782
0.041	25.2000950774942
0.0411	25.2866485145306
0.0412	25.3640397800523
0.0413	25.4316566271865
0.0414	25.4889981652028
0.0415	25.5357061756846
0.0416	25.5715446097276
0.0417	25.5964446832117
0.0418	25.6105079788774
0.0419	25.6139888635341
0.042	25.6072348745679
0.0421	25.5906622162677
0.0422	25.5647580055679
0.0423	25.5300334016161
0.0424	25.4869912724012
0.0425	25.4361441108591
0.0426	25.3779935338027
0.0427	25.3130646466081
0.0428	25.2418531156833
0.0429	25.164815714091
0.043	25.08236053726
0.0431	24.9947847865057
0.0432	24.9022894869335
0.0433	24.8049936635549
0.0434	24.7029903838243
0.0435	24.5963578753618
0.0436	24.485170859786
0.0437	24.3694725162613
0.0438	24.2492924965695
0.0439	24.1246188799521
0.044	23.9954277692831
0.0441	23.86175351672
0.0442	23.723698753319
0.0443	23.5814949738597
0.0444	23.4354539576629
0.0445	23.2859871110366
0.0446	23.1335372582315
0.0447	22.9785945029113
0.0448	22.8216794522641
0.0449	22.6634217820221
0.045	22.5045442391039
0.0451	22.3457904764097
0.0452	22.1878723087111
0.0453	22.0313807011488
0.0454	21.8768289474808
0.0455	21.7246041718962
0.0456	21.5750114446068
0.0457	21.4282837738119
0.0458	21.2846647669527
0.0459	21.1443497512017
0.046	21.0075303339304
0.0461	20.8743195269279
0.0462	20.7447716399519
0.0463	20.6188620479811
0.0464	20.4964916790624
0.0465	20.3775552420186
0.0466	20.2619275056801
0.0467	20.1495160035121
0.0468	20.0403066434469
0.0469	19.9344162617653
0.047	19.831987682924
0.0471	19.7331314904322
0.0472	19.6378877229743
0.0473	19.5462892163048
0.0474	19.4583905315235
0.0475	19.3742289463544
0.0476	19.2938412795609
0.0477	19.2172844676894
0.0478	19.1447396923099
0.0479	19.0764895751476
0.048	19.0128271802579
0.0481	18.9539633429063
0.0482	18.9001160075279
0.0483	18.851508023707
0.0484	18.8082903788935
0.0485	18.7704911677668
0.0486	18.7380388452029
0.0487	18.7108462297053
0.0488	18.6887281579627
0.0489	18.6712991033002
0.049	18.6579893659075
0.0491	18.6481533422983
0.0492	18.6410597855662
0.0493	18.6358833347367
0.0494	18.6317654353922
0.0495	18.6279010661896
0.0496	18.6235676457887
0.0497	18.6180972646891
0.0498	18.610937201417
0.0499	18.6016768365116
0.05	18.5900231323447
0.0501	18.5756891030432
0.0502	18.5583935516176
0.0503	18.5379158095502
0.0504	18.5140705270662
0.0505	18.4866624089688
0.0506	18.4554976482166
0.0507	18.4203915951152
0.0508	18.381116605521
0.0509	18.3373341642807
0.051	18.2886137704203
0.0511	18.2345089246249
0.0512	18.1745864146397
0.0513	18.1083929862954
0.0514	18.0354715923006
0.0515	17.9554138671689
0.0516	17.86783756696
0.0517	17.7723443043665
0.0518	17.6685271924486
0.0519	17.5560085535324
0.052	17.4345010687087
0.0521	17.3037439471444
0.0522	17.1635218585714
0.0523	17.0136145181587
0.0524	16.8538347905943
0.0525	16.6839951992305
0.0526	16.5039864565778
0.0527	16.3137374218409
0.0528	16.1132119896457
0.0529	15.902378223355
0.053	15.6812138539921
0.0531	15.4498268289675
0.0532	15.208384018417
0.0533	14.9571103425207
0.0534	14.6962016414808
0.0535	14.4259606429634
0.0536	14.1467533809745
0.0537	13.8591042946277
0.0538	13.5636238352287
0.0539	13.2610331140168
0.054	12.9521499236972
0.0541	12.6377753197766
0.0542	12.3188119506431
0.0543	11.9962098051336
0.0544	11.6710562351053
0.0545	11.3444504780139
0.0546	11.0175793716124
0.0547	10.6915735046063
0.0548	10.3675109305497
0.0549	10.0463321936074
0.055	9.72893144494142
0.0551	9.41623263785814
0.0552	9.10904977468877
0.0553	8.80812007032145
0.0554	8.51404957070645
0.0555	8.22747910942519
0.0556	7.94900058976538
0.0557	7.679182580614
0.0558	7.41846665731097
0.0559	7.16730698897251
0.056	6.92615349244681
0.0561	6.69545868929001
0.0562	6.47567430510331
0.0563	6.26721682769373
0.0564	6.07057297700719
0.0565	5.88622255057334
0.0566	5.71465373218332
0.0567	5.55627006800945
0.0568	5.41142754364559
0.0569	5.28039350359391
0.057	5.16341165108781
0.0571	5.06066683884212
0.0572	4.97227072498229
0.0573	4.89822008314727
0.0574	4.83837334054348
0.0575	4.79249855418654
0.0576	4.76027895887736
0.0577	4.74133884008127
0.0578	4.73524527096238
0.0579	4.74151989415413
0.058	4.75963398555835
0.0581	4.78900050351571
0.0582	4.82897256309261
0.0583	4.87883061222588
0.0584	4.93775855831987
0.0585	5.00487041430644
0.0586	5.07922570512045
0.0587	5.159872421756
0.0588	5.24581419257351
0.0589	5.33603219872106
0.059	5.42948450756287
0.0591	5.5251457192171
0.0592	5.62196825200671
0.0593	5.71887518294911
0.0594	5.81474763729588
0.0595	5.90843693076544
0.0596	5.99878940989119
0.0597	6.08460482218349
0.0598	6.16466406559405
0.0599	6.23775099164292
0.06	6.3027289569703
0.0601	6.35853367151588
0.0602	6.40417209587592
0.0603	6.43871450046772
0.0604	6.46135106102835
0.0605	6.4714427007173
0.0606	6.46854933589304
0.0607	6.45243198155298
0.0608	6.42305598382883
0.0609	6.38059563661114
0.061	6.32543651468802
0.0611	6.25812666547819
0.0612	6.17933826035028
0.0613	6.08981588666487
0.0614	5.99037457119336
0.0615	5.88183495719528
0.0616	5.76498753634642
0.0617	5.64059667409795
0.0618	5.50938133267695
0.0619	5.37204407051489
0.062	5.22919697002318
0.0621	5.08137994922848
0.0622	4.92902926828772
0.0623	4.77255970089162
0.0624	4.61235104654135
0.0625	4.44880104064941
0.0626	4.28228661343707
0.0627	4.11317303185346
0.0628	3.94178218775824
0.0629	3.76842785391776
0.063	3.59333073115957
0.0631	3.4166946623203
0.0632	3.23873260467874
0.0633	3.05975646174434
0.0634	2.8800953667222
0.0635	2.70011217633041
0.0636	2.52014424046041
0.0637	2.34046284443048
0.0638	2.16132745987987
0.0639	1.98294080894685
0.064	1.80552377372115
0.0641	1.62928128855674
0.0642	1.454437620908
0.0643	1.28115209115414
0.0644	1.10956739028074
0.0645	0.93976897057199
0.0646	0.771827302322137
0.0647	0.605736891663582
0.0648	0.44151483041361
0.0649	0.279254439483609
0.065	0.119149874803682
0.0651	-0.0384773155220159
0.0652	-0.193308971066131
0.0653	-0.345065937349062
0.0654	-0.493608450685244
0.0655	-0.63891404137614
0.0656	-0.781095288009254
0.0657	-0.920278024967018
0.0658	-1.05655215298547
0.0659	-1.18994993757593
0.066	-1.32040331910262
0.0661	-1.44782612504194
0.0662	-1.57208974869801
0.0663	-1.69302357240687
0.0664	-1.81035887686892
0.0665	-1.92379460536966
0.0666	-2.03298410269889
0.0667	-2.13755307650629
0.0668	-2.23707100721776
0.0669	-2.33112528078912
0.067	-2.41933701763259
0.0671	-2.50139061270499
0.0672	-2.57702949101343
0.0673	-2.64600655635117
0.0674	-2.70809900659497
0.0675	-2.76308870704354
0.0676	-2.81079183479449
0.0677	-2.85105562394833
0.0678	-2.88377633077473
0.0679	-2.90889836537067
0.068	-2.92644180607615
0.0681	-2.93651637947442
0.0682	-2.93930911089716
0.0683	-2.93507941487124
0.0684	-2.92413558763383
0.0685	-2.90677963968333
0.0686	-2.88326329407615
0.0687	-2.85377927679216
0.0688	-2.81850805188405
0.0689	-2.77764691231605
0.069	-2.73141702784079
0.0691	-2.68001506739221
0.0692	-2.62358379569886
0.0693	-2.56216354496154
0.0694	-2.49568817548972
0.0695	-2.42406338069286
0.0696	-2.34721975425852
0.0697	-2.26518495843683
0.0698	-2.17808967804241
0.0699	-2.08617554221308
0.07	-1.98971348274803
0.0701	-1.88897812317926
0.0702	-1.78420563680891
0.0703	-1.67558617863703
0.0704	-1.56334821308259
0.0705	-1.44778451898695
0.0706	-1.3293246052698
0.0707	-1.20850405372394
0.0708	-1.08595371384423
0.0709	-0.962282009784786
0.071	-0.838046162291505
0.0711	-0.713694481076672
0.0712	-0.589611404217806
0.0713	-0.466119201027738
0.0714	-0.343582078244353
0.0715	-0.222424380384879
0.0716	-0.103092616809903
0.0717	0.0139621708654829
0.0718	0.128374566369871
0.0719	0.239844106237712
0.072	0.348160537435405
0.0721	0.453166525504912
0.0722	0.554772863640665
0.0723	0.652880950153502
0.0724	0.747382542501924
0.0725	0.838201570918713
0.0726	0.925286624554644
0.0727	1.00861537696923
0.0728	1.08812836219536
0.0729	1.16375444618107
0.073	1.23542060620091
0.0731	1.30308849019042
0.0732	1.36671851306546
0.0733	1.42629043274898
0.0734	1.48179825709654
0.0735	1.53326514270526
0.0736	1.58070154657544
0.0737	1.62410571238561
0.0738	1.66347580112079
0.0739	1.69880425959553
0.074	1.73009116386618
0.0741	1.75733568379875
0.0742	1.78055623494457
0.0743	1.79977690352476
0.0744	1.81500359449553
0.0745	1.82620469554855
0.0746	1.83334197065683
0.0747	1.83639872076128
0.0748	1.83538494854735
0.0749	1.83034022483621
0.075	1.82135146733564
0.0751	1.80856423180514
0.0752	1.79216090088351
0.0753	1.77231300534848
0.0754	1.74917085430442
0.0755	1.72289046421585
0.0756	1.69366960164486
0.0757	1.66173419916982
0.0758	1.62730798283467
0.0759	1.59057037458313
0.076	1.55164321628972
0.0761	1.51063505683118
0.0762	1.46767132653759
0.0763	1.42293429124253
0.0764	1.37664396853994
0.0765	1.32904937148318
0.0766	1.28040386143196
0.0767	1.23098398813303
0.0768	1.18107501254688
0.0769	1.13094319408793
0.077	1.0808395447672
0.0771	1.03098360599682
0.0772	0.981578799230171
0.0773	0.932796146513084
0.0774	0.884786622924061
0.0775	0.837667863861746
0.0776	0.79153398379772
0.0777	0.746431303476783
0.0778	0.702374404859718
0.0779	0.659356260816338
0.078	0.617378548604442
0.0781	0.576439233852938
0.0782	0.536523930467396
0.0783	0.497628338231074
0.0784	0.459737174056674
0.0785	0.422801354623591
0.0786	0.386700766464767
0.0787	0.351264060380441
0.0788	0.316287932707354
0.0789	0.281572032218726
0.079	0.24693315506827
0.0791	0.212231434078749
0.0792	0.177388353978866
0.0793	0.142334711222396
0.0794	0.106995579187551
0.0795	0.071313372816558
0.0796	0.035296988327655
0.0797	-0.0010030612432068
0.0798	-0.0375185517292387
0.0799	-0.0741777606473946
0.08	-0.110888265567034
0.0801	-0.147563715913982
0.0802	-0.184134525520143
0.0803	-0.220566848447632
0.0804	-0.256879628434966
0.0805	-0.293142868208683
0.0806	-0.329471164992075
0.0807	-0.36595135942872
0.0808	-0.402597719117626
0.0809	-0.439345209093165
0.081	-0.476104946730263
0.0811	-0.512789554784725
0.0812	-0.549345421513529
0.0813	-0.585771322862342
0.0814	-0.622091393674886
0.0815	-0.658338689283116
0.0816	-0.694538719714465
0.0817	-0.730735307792859
0.0818	-0.76697706130269
0.0819	-0.803297252141526
0.082	-0.83967382754258
0.0821	-0.876042799699782
0.0822	-0.91231476752143
0.0823	-0.948392370060549
0.0824	-0.984132917017078
0.0825	-1.01932828036209
0.0826	-1.05371534658343
0.0827	-1.08698107314351
0.0828	-1.11877961334782
0.0829	-1.14872391034696
0.083	-1.17642102605862
0.0831	-1.20149872503771
0.0832	-1.22362072402066
0.0833	-1.24247683303531
0.0834	-1.25780661467295
0.0835	-1.26943285238951
0.0836	-1.27726056436491
0.0837	-1.28125687648772
0.0838	-1.28141548599274
0.0839	-1.27772455638098
0.084	-1.27014088597551
0.0841	-1.25857610594954
0.0842	-1.24291266882099
0.0843	-1.22303583799754
0.0844	-1.19888852180972
0.0845	-1.17051299638269
0.0846	-1.13809065924769
0.0847	-1.10192121925999
0.0848	-1.06235316321405
0.0849	-1.01973378708725
0.085	-0.974373632734988
0.0851	-0.926583527734614
0.0852	-0.876703605781245
0.0853	-0.82513457319228
0.0854	-0.772313231870129
0.0855	-0.718714129596648
0.0856	-0.664815578779404
0.0857	-0.611039378907741
0.0858	-0.557713978175876
0.0859	-0.505062687767982
0.086	-0.453303917461092
0.0861	-0.402719196547473
0.0862	-0.353669246862552
0.0863	-0.306515263950978
0.0864	-0.261573414671027
0.0865	-0.219061719781735
0.0866	-0.179090386852749
0.0867	-0.141662595752269
0.0868	-0.10674252276884
0.0869	-0.0743168137840868
0.087	-0.0444360320379538
0.0871	-0.0172201387522115
0.0872	0.0072101306227204
0.0873	0.028789219577817
0.0874	0.0475285842134596
0.0875	0.0634810016318585
0.0876	0.0767141177011013
0.0877	0.0872829168695652
0.0878	0.0952038843624656
0.0879	0.100419976177626
0.088	0.102797941102638
0.0881	0.102188529362655
0.0882	0.0985003145134988
0.0883	0.0917271254566723
0.0884	0.0819240684336364
0.0885	0.0691694297420948
0.0886	0.0535476643866648
0.0887	0.0351408400531348
0.0888	0.014046473504095
0.0889	-0.0095936116195148
0.089	-0.0355557081332094
0.0891	-0.0635399162445367
0.0892	-0.093195665762881
0.0893	-0.124125435256055
0.0894	-0.155896460365973
0.0895	-0.188026155421625
0.0896	-0.219996341691491
0.0897	-0.251281629740561
0.0898	-0.281411352563339
0.0899	-0.309984779823647
0.09	-0.336667763963575
0.0901	-0.361176926672091
0.0902	-0.383250304925177
0.0903	-0.402649177435709
0.0904	-0.419180621062278
0.0905	-0.432754752533533
0.0906	-0.443413655752234
0.0907	-0.451326928228515
0.0908	-0.456745040635377
0.0909	-0.459937363225795
0.091	-0.461121852950427
0.0911	-0.460441049798337
0.0912	-0.458011074973645
0.0913	-0.454011193734689
0.0914	-0.448738364182675
0.0915	-0.442590092662372
0.0916	-0.435979721645932
0.0917	-0.429248743000494
0.0918	-0.422640148531628
0.0919	-0.416360348855342
0.092	-0.410666654421913
0.0921	-0.405900949760528
0.0922	-0.40243913817719
0.0923	-0.400622776209084
0.0924	-0.400725611447542
0.0925	-0.402932432328086
0.0926	-0.40730411552914
0.0927	-0.413765390049578
0.0928	-0.422155822922836
0.0929	-0.432309156092105
0.093	-0.444083243589647
0.0931	-0.457351984402994
0.0932	-0.471993438379183
0.0933	-0.487886099134242
0.0934	-0.504865323944516
0.0935	-0.522674041567502
0.0936	-0.540972105027524
0.0937	-0.559410906362839
0.0938	-0.577729070570857
0.0939	-0.595778128174963
0.094	-0.613488757981004
0.0941	-0.630795737229338
0.0942	-0.647575767904515
0.0943	-0.663602773525014
0.0944	-0.678560988330215
0.0945	-0.692102524275503
0.0946	-0.703923099893794
0.0947	-0.713828810234522
0.0948	-0.721745099118605
0.0949	-0.727673956785954
0.095	-0.731618433396554
0.0951	-0.733535878793736
0.0952	-0.733350352352619
0.0953	-0.731009819338079
0.0954	-0.726532644448304
0.0955	-0.720006332421974
0.0956	-0.711555377517358
0.0957	-0.70130757970024
0.0958	-0.689370415880797
0.0959	-0.675823800571017
0.096	-0.660717974223957
0.0961	-0.644104790686139
0.0962	-0.626076144181066
0.0963	-0.606784272545109
0.0964	-0.586397918263259
0.0965	-0.565047007223726
0.0966	-0.542777977296733
0.0967	-0.519541982482657
0.0968	-0.495224701234484
0.0969	-0.469693515672297
0.097	-0.442874433312607
0.0971	-0.414793725720248
0.0972	-0.385589328796069
0.0973	-0.35547521623462
0.0974	-0.324716019872472
0.0975	-0.293589637495334
0.0976	-0.262370834488788
0.0977	-0.231307865053648
0.0978	-0.200640347340503
0.0979	-0.17062151341797
0.098	-0.141537346352159
0.0981	-0.113708673559216
0.0982	-0.0874337221879635
0.0983	-0.0629312110286477
0.0984	-0.0402896813472928
0.0985	-0.0194799076507088
0.0986	-0.0004043156775246
0.0987	0.017014193091704
0.0988	0.0327815287239783
0.0989	0.0468400945761989
0.099	0.059108922915236
0.0991	0.0695270788501965
0.0992	0.0780596001757559
0.0993	0.0846913777208354
0.0994	0.0894118499226271
0.0995	0.0922087320622773
0.0996	0.0930600535012415
0.0997	0.0919295792208703
0.0998	0.0887711348108429
0.0999	0.0835431750969384
0.1	0.0762224621352479
0.1001	0.0668051873642668
0.1002	0.0553040797617932
0.1003	0.0417620219943196
0.1004	0.0262577525420937
0.1005	0.0088974300296805
0.1006	-0.0102130326019321
0.1007	-0.0309618982863
0.1008	-0.0532105566713739
0.1009	-0.0767646700918903
0.101	-0.101382596057917
0.1011	-0.126803038857616
0.1012	-0.152767414663565
0.1013	-0.179062020176151
0.1014	-0.205532827117338
0.1015	-0.232087553774985
0.1016	-0.258655158583441
0.1017	-0.285153563949258
0.1018	-0.311455160594836
0.1019	-0.337401297541366
0.102	-0.362830817037221
0.1021	-0.387627236487091
0.1022	-0.411729131134525
0.1023	-0.435134568144569
0.1024	-0.457890640534465
0.1025	-0.480055347811074
0.1026	-0.50166428822395
0.1027	-0.52269579601677
0.1028	-0.543085091209967
0.1029	-0.562754097005754
0.103	-0.581646837361756
0.1031	-0.599726353085796
0.1032	-0.616973816240563
0.1033	-0.633387444462306
0.1034	-0.648963773485795
0.1035	-0.663676753451336
0.1036	-0.677458738259626
0.1037	-0.690220944592012
0.1038	-0.701875879851185
0.1039	-0.71234543488144
0.104	-0.721540141647077
0.1041	-0.729359810164107
0.1042	-0.735708872804314
0.1043	-0.740502007940782
0.1044	-0.743647952699256
0.1045	-0.74505314180425
0.1046	-0.744645966165642
0.1047	-0.742384817729766
0.1048	-0.738240874384171
0.1049	-0.732195181422402
0.105	-0.72426723772821
0.1051	-0.714537743992949
0.1052	-0.703118813805972
0.1053	-0.690118553738531
0.1054	-0.675642412335177
0.1055	-0.659828046165195
0.1056	-0.642864602868155
0.1057	-0.624956036004818
0.1058	-0.606293492735588
0.1059	-0.587052782483056
0.106	-0.567406882695337
0.1061	-0.54750785088142
0.1062	-0.527486751850297
0.1063	-0.507471495392274
0.1064	-0.487618991323149
0.1065	-0.468108220968563
0.1066	-0.449128484306286
0.1067	-0.430862697271134
0.1068	-0.413480026717139
0.1069	-0.397134906934131
0.107	-0.381948407589633
0.1071	-0.368002870210752
0.1072	-0.355338337698672
0.1073	-0.343966109169258
0.1074	-0.33387366869472
0.1075	-0.325031939763067
0.1076	-0.317388313656084
0.1077	-0.310860622039564
0.1078	-0.305345209055177
0.1079	-0.300727148053834
0.108	-0.296885056626724
0.1081	-0.293682998735719
0.1082	-0.290978371419602
0.1083	-0.288647124888207
0.1084	-0.286606085494626
0.1085	-0.284813285775697
0.1086	-0.283258947928256
0.1087	-0.281952706177084
0.1088	-0.280907317220427
0.1089	-0.280123852383691
0.109	-0.279591253144431
0.1091	-0.279301642426093
0.1092	-0.279267430051736
0.1093	-0.279524377695833
0.1094	-0.280114053114884
0.1095	-0.281057317493428
0.1096	-0.282334415974594
0.1097	-0.283877374174286
0.1098	-0.285574346756626
0.1099	-0.287289388930547
0.11	-0.288897672149467
0.1101	-0.290322944342477
0.1102	-0.291553553658124
0.1103	-0.292633861639695
0.1104	-0.293642772248434
0.1105	-0.294673229853419
0.1106	-0.295816992594869
0.1107	-0.297156956127642
0.1108	-0.298768139530418
0.1109	-0.300728237640554
0.111	-0.303127222955467
0.1111	-0.306060009452018
0.1112	-0.309601710909942
0.1113	-0.313784851790363
0.1114	-0.318593941632391
0.1115	-0.323965951467729
0.1116	-0.329798751705582
0.1117	-0.335975809962134
0.1118	-0.342410351162764
0.1119	-0.349069923882256
0.112	-0.355965642008904
0.1121	-0.363118728228309
0.1122	-0.370533303953742
0.1123	-0.378197854403432
0.1124	-0.386100160476138
0.1125	-0.394250820914426
0.1126	-0.402694188472742
0.1127	-0.411514216240805
0.1128	-0.420826326193895
0.1129	-0.4307657445601
0.113	-0.441461368778107
0.1131	-0.453020665878178
0.1132	-0.465523747570026
0.1133	-0.479029257089772
0.1134	-0.493563430823585
0.1135	-0.509093737370105
0.1136	-0.52553093049276
0.1137	-0.542740101096737
0.1138	-0.560550577303317
0.1139	-0.57873916712343
0.114	-0.597024012643914
0.1141	-0.61506639281675
0.1142	-0.632506432067331
0.1143	-0.649008039053655
0.1144	-0.664279370093357
0.1145	-0.678081666617507
0.1146	-0.690213595339532
0.1147	-0.700500692089523
0.1148	-0.7087864554741
0.1149	-0.714946665125058
0.115	-0.71891461632785
0.1151	-0.720714160849373
0.1152	-0.720471647554047
0.1153	-0.718394925684539
0.1154	-0.714724478317952
0.1155	-0.70968704127498
0.1156	-0.703472130205547
0.1157	-0.696233970895022
0.1158	-0.688101292705165
0.1159	-0.679201703316911
0.116	-0.669683424905664
0.1161	-0.659722875988415
0.1162	-0.649498705992388
0.1163	-0.639159740393486
0.1164	-0.628801522540364
0.1165	-0.618466912484882
0.1166	-0.608165318358322
0.1167	-0.597882022270612
0.1168	-0.587591871996826
0.1169	-0.577271806207511
0.117	-0.566909474819999
0.1171	-0.556490759125388
0.1172	-0.545994201939349
0.1173	-0.53539671904735
0.1174	-0.524693691869722
0.1175	-0.51390579097407
0.1176	-0.503080459448457
0.1177	-0.492285405567459
0.1178	-0.481603549686939
0.1179	-0.471130419805297
0.118	-0.460952324358116
0.1181	-0.451122011861136
0.1182	-0.441635000351633
0.1183	-0.432431905569681
0.1184	-0.423422369589485
0.1185	-0.414522235136063
0.1186	-0.405667130961799
0.1187	-0.396805466005612
0.1188	-0.387890787680318
0.1189	-0.37886888348258
0.119	-0.369678929461999
0.1191	-0.360266098096071
0.1192	-0.350613702626349
0.1193	-0.340758896684177
0.1194	-0.330779013649707
0.1195	-0.320747481294262
0.1196	-0.310707695929002
0.1197	-0.300671754978652
0.1198	-0.290642847190339
0.1199	-0.28062830357722
0.12	-0.27064484526656
0.1201	-0.260733328532368
0.1202	-0.250972935296391
0.1203	-0.241493643784715
0.1204	-0.232465455835891
0.1205	-0.224074352611924
0.1206	-0.216484041779728
0.1207	-0.209811350866295
0.1208	-0.204117617883843
0.1209	-0.199419077691753
0.121	-0.195705483612068
0.1211	-0.192948263228286
0.1212	-0.191098004432173
0.1213	-0.19006946694777
0.1214	-0.189737753454698
0.1215	-0.189964650806807
0.1216	-0.190644248143686
0.1217	-0.191731459990768
0.1218	-0.193235628094945
0.1219	-0.19519168883422
0.122	-0.197627554047625
0.1221	-0.200541716352281
0.1222	-0.203895055891547
0.1223	-0.207610884859438
0.1224	-0.211585568372104
0.1225	-0.215710257892282
0.1226	-0.219899215022773
0.1227	-0.224101897150328
0.1228	-0.228300928569114
0.1229	-0.232495787769326
0.123	-0.23668388215175
0.1231	-0.240847431676762
0.1232	-0.244958442735818
0.1233	-0.249003011412324
0.1234	-0.25299597878633
0.1235	-0.25697490783989
0.1236	-0.260972673123164
0.1237	-0.264984683239369
0.1238	-0.268944898517418
0.1239	-0.272733880866294
0.124	-0.276214365943181
0.1241	-0.279274115030109
0.1242	-0.28184377809172
0.1243	-0.283891798199955
0.1244	-0.285414130509456
0.1245	-0.286431051066941
0.1246	-0.286986586393029
0.1247	-0.287142185829876
0.1248	-0.286973047098206
0.1249	-0.286570570137561
0.125	-0.286038994789124
0.1251	-0.285478780147032
0.1252	-0.284967290135135
0.1253	-0.284543951806565
0.1254	-0.284193032163033
0.1255	-0.283830762383338
0.1256	-0.283316994850712
0.1257	-0.282487684690285
0.1258	-0.281186586841625
0.1259	-0.279284603339364
0.126	-0.27668299958362
0.1261	-0.273293241590708
0.1262	-0.269000656523082
0.1263	-0.263637616684326
0.1264	-0.256990466501771
0.1265	-0.248838486535295
0.1266	-0.238979242628691
0.1267	-0.227250753622172
0.1268	-0.213548099462052
0.1269	-0.197839717108732
0.127	-0.180168842721255
0.1271	-0.160640314456622
0.1272	-0.139407768706601
0.1273	-0.116665894788468
0.1274	-0.0926616371259215
0.1275	-0.0676690062978125
0.1276	-0.0420010268921729
0.1277	-0.0159977562566738
0.1278	0.0100056687531094
0.1279	0.0357181447838002
0.128	0.0609114371762303
0.1281	0.0854139737764044
0.1282	0.109071309446154
0.1283	0.131749449750615
0.1284	0.153315922838601
0.1285	0.173644701227381
0.1286	0.192618479099778
0.1287	0.21013355522026
0.1288	0.226105655097221
0.1289	0.240474371846378
0.129	0.253207809264243
0.1291	0.264302609271741
0.1292	0.273802684211333
0.1293	0.281779466921154
0.1294	0.288301677813652
0.1295	0.293411264869396
0.1296	0.297130352093139
0.1297	0.299491660609717
0.1298	0.300561645143791
0.1299	0.300436017624528
0.13	0.299215967008695
0.1301	0.296979216588026
0.1302	0.293753658264755
0.1303	0.28950191944651
0.1304	0.284131312548246
0.1305	0.277529018638528
0.1306	0.269601999044845
0.1307	0.260301438457446
0.1308	0.249623580759195
0.1309	0.237599675032705
0.131	0.224260787230495
0.1311	0.209626689826777
0.1312	0.193703294085232
0.1313	0.176495752898528
0.1314	0.158032562545788
0.1315	0.138388268720973
0.1316	0.11768835345876
0.1317	0.0960869834784077
0.1318	0.0737465727860815
0.1319	0.0507914724233736
0.132	0.0273184917221378
0.1321	0.0034149145820912
0.1322	-0.0208164094276029
0.1323	-0.0452399241407093
0.1324	-0.0696818420754113
0.1325	-0.0939453046210375
0.1326	-0.117825583537094
0.1327	-0.141167637928849
0.1328	-0.163876040484979
0.1329	-0.185923807649445
0.133	-0.207338620594918
0.1331	-0.22817527169807
0.1332	-0.248485049494022
0.1333	-0.268301837935692
0.1334	-0.287657306779359
0.1335	-0.306594762735699
0.1336	-0.325200325799759
0.1337	-0.343577643220986
0.1338	-0.361819812385061
0.1339	-0.379984437919845
0.134	-0.398083947659394
0.1341	-0.416086812848061
0.1342	-0.433933015225502
0.1343	-0.451563296630415
0.1344	-0.468926714811499
0.1345	-0.485994353868684
0.1346	-0.502738588420826
0.1347	-0.519129408452596
0.1348	-0.535128874984714
0.1349	-0.550678819296447
0.135	-0.565685667479421
0.1351	-0.580017343525096
0.1352	-0.593521189191431
0.1353	-0.606044397326391
0.1354	-0.617470436891756
0.1355	-0.62771288606535
0.1356	-0.636699443988402
0.1357	-0.644352147861291
0.1358	-0.65058178072635
0.1359	-0.655305257616367
0.136	-0.658473584453597
0.1361	-0.660089639873869
0.1362	-0.660200913382628
0.1363	-0.658880772843321
0.1364	-0.656210574482607
0.1365	-0.652271192038016
0.1366	-0.64713766619855
0.1367	-0.640878245542501
0.1368	-0.633561829390826
0.1369	-0.625268412184942
0.137	-0.616098763049289
0.1371	-0.606167756092564
0.1372	-0.595616409739264
0.1373	-0.584613456506517
0.1374	-0.573338475523629
0.1375	-0.561961691992641
0.1376	-0.550636819191345
0.1377	-0.53950070290318
0.1378	-0.528664522426716
0.1379	-0.518212571630716
0.138	-0.508194648650461
0.1381	-0.498638914587586
0.1382	-0.48955052465214
0.1383	-0.480909307055647
0.1384	-0.472671927628514
0.1385	-0.464779172156081
0.1386	-0.457160413017617
0.1387	-0.449738026190497
0.1388	-0.442442664741874
0.1389	-0.435220166141583
0.139	-0.428044067943196
0.1391	-0.420909572451858
0.1392	-0.41382028586259
0.1393	-0.406777191334516
0.1394	-0.399775580405622
0.1395	-0.392808926693233
0.1396	-0.385873010338432
0.1397	-0.378973951287263
0.1398	-0.372125704366528
0.1399	-0.365357176681524
0.14	-0.358709404543506
0.1401	-0.352234659577041
0.1402	-0.345998860525443
0.1403	-0.340078416529003
0.1404	-0.33454705509888
0.1405	-0.32946040425049
0.1406	-0.324851843418354
0.1407	-0.320723381095052
0.1408	-0.317044560168831
0.1409	-0.313754737342228
0.141	-0.310776250395929
0.1411	-0.308030721661587
0.1412	-0.305450324203686
0.1413	-0.302981620400994
0.1414	-0.300586362003811
0.1415	-0.298238934082411
0.1416	-0.295931648715985
0.1417	-0.29367708216353
0.1418	-0.291503426763255
0.1419	-0.289446652124721
0.142	-0.28754448591114
0.1421	-0.285831348193786
0.1422	-0.284334032368915
0.1423	-0.283073459290961
0.1424	-0.282068910219388
0.1425	-0.281343242543104
0.1426	-0.280924856502544
0.1427	-0.280846088958085
0.1428	-0.281140612582797
0.1429	-0.281838704914217
0.143	-0.282960571262919
0.1431	-0.284510436202687
0.1432	-0.286475708327035
0.1433	-0.288833164502157
0.1434	-0.291547281708507
0.1435	-0.294562660259569
0.1436	-0.297800000725911
0.1437	-0.301165815683144
0.1438	-0.304570732314553
0.1439	-0.30794525437571
0.144	-0.311249010030931
0.1441	-0.314472281858066
0.1442	-0.317633657334303
0.1443	-0.320758973611097
0.1444	-0.323861342827446
0.1445	-0.326936056317177
0.1446	-0.3299681243643
0.1447	-0.332937640134158
0.1448	-0.335814028498954
0.1449	-0.338547649452655
0.145	-0.341066933560215
0.1451	-0.343289065925157
0.1452	-0.345129859389946
0.1453	-0.346516240103623
0.1454	-0.347397188715344
0.1455	-0.347750177467537
0.1456	-0.347578036952942
0.1457	-0.346898688902162
0.1458	-0.345736151906162
0.1459	-0.34411542089659
0.146	-0.342061945806811
0.1461	-0.339603858694625
0.1462	-0.336777454962747
0.1463	-0.33362928539773
0.1464	-0.330213528664745
0.1465	-0.326590680229862
0.1466	-0.32283008645584
0.1467	-0.319011698710848
0.1468	-0.31521304255886
0.1469	-0.311502152854239
0.147	-0.307934786759829
0.1471	-0.304556898939141
0.1472	-0.301404457950066
0.1473	-0.298502526294744
0.1474	-0.295861504948011
0.1475	-0.293464424052099
0.1476	-0.291256324608987
0.1477	-0.289146654674493
0.1478	-0.28702583631071
0.1479	-0.284771864589231
0.148	-0.282251616308885
0.1481	-0.279329230521731
0.1482	-0.275876414591422
0.1483	-0.271776885339472
0.1484	-0.266931969743021
0.1485	-0.261276169013209
0.1486	-0.254777437629658
0.1487	-0.247426239577807
0.1488	-0.239217297741934
0.1489	-0.23014095391974
0.149	-0.220181731533842
0.1491	-0.209325653845475
0.1492	-0.197579961419397
0.1493	-0.184990733631956
0.1494	-0.171654240577183
0.1495	-0.157695605220471
0.1496	-0.143263861659079
0.1497	-0.128515299637947
0.1498	-0.113600988806969
0.1499	-0.0986663211775429
0.15	-0.08385612123665
0.1501	-0.0693068441703559
0.1502	-0.0551395484661974
0.1503	-0.0414356994951
0.1504	-0.0282449685872024
0.1505	-0.0155905934890512
0.1506	-0.0034811783502917
0.1507	0.0080803197300376
0.1508	0.0190952928497197
0.1509	0.0295692433908403
0.151	0.0395036995394573
0.1511	0.0488748178390903
0.1512	0.0576340152886399
0.1513	0.065705951173106
0.1514	0.0730039796254651
0.1515	0.0794501383128932
0.1516	0.0849900759788183
0.1517	0.0895919732333086
0.1518	0.0932311848121117
0.1519	0.0958698192404621
0.152	0.0974408887348385
0.1521	0.0978579957699391
0.1522	0.0970434132008893
0.1523	0.0949558810622855
0.1524	0.091594236317472
0.1525	0.0869815097870008
0.1526	0.0811452374637547
0.1527	0.0741047008012288
0.1528	0.0658712731686038
0.1529	0.0564765411082391
0.153	0.0459993704727921
0.1531	0.034588204362862
0.1532	0.0224439550984279
0.1533	0.0097847457717322
0.1534	-0.0031813988709715
0.1535	-0.0162610979191058
0.1536	-0.0292714052413672
0.1537	-0.0420452480716769
0.1538	-0.0544288754817153
0.1539	-0.0662912774793441
0.154	-0.0775137764364509
0.1541	-0.0879976238974951
0.1542	-0.0976722210200389
0.1543	-0.106494709763171
0.1544	-0.114442113351091
0.1545	-0.121506098266119
0.1546	-0.127684513491285
0.1547	-0.132980467160247
0.1548	-0.137395389874134
0.1549	-0.140940725493239
0.155	-0.143653690675019
0.1551	-0.14560359081172
0.1552	-0.146885835126273
0.1553	-0.147612176340804
0.1554	-0.147901939906288
0.1555	-0.147873048474735
0.1556	-0.14763410691442
0.1557	-0.147283711038897
0.1558	-0.146918460201236
0.1559	-0.146636862371732
0.156	-0.146536709249588
0.1561	-0.146716611603687
0.1562	-0.147277996452929
0.1563	-0.148314645467078
0.1564	-0.149894157469927
0.1565	-0.152052620359804
0.1566	-0.154804204034096
0.1567	-0.158151412135969
0.1568	-0.162082596365503
0.1569	-0.166564002702951
0.157	-0.171537654013115
0.1571	-0.176922999395902
0.1572	-0.182620371174606
0.1573	-0.188514639982849
0.1574	-0.194490813502687
0.1575	-0.200438822649943
0.1576	-0.206257150466632
0.1577	-0.211853233894857
0.1578	-0.217146477369727
0.1579	-0.222072585341885
0.158	-0.226585649022293
0.1581	-0.230657977777344
0.1582	-0.234273318974837
0.1583	-0.237421866924942
0.1584	-0.24009223770419
0.1585	-0.242274311881769
0.1586	-0.243960445414539
0.1587	-0.245139852530645
0.1588	-0.245797156053107
0.1589	-0.245924617528248
0.159	-0.245536270282692
0.1591	-0.244670463853627
0.1592	-0.24338763505462
0.1593	-0.241769602338916
0.1594	-0.239911235786365
0.1595	-0.237905292224259
0.1596	-0.235835274223924
0.1597	-0.233775698922289
0.1598	-0.231790023132132
0.1599	-0.229930324255532
0.16	-0.228242357506087
0.1601	-0.226773059157677
0.1602	-0.225566191574934
0.1603	-0.224654061226581
0.1604	-0.224058778598013
0.1605	-0.223800831444748
0.1606	-0.223900692976018
0.1607	-0.224370409772677
0.1608	-0.225205162640692
0.1609	-0.226384536744528
0.161	-0.227878239384851
0.1611	-0.229650405401423
0.1612	-0.231661162613849
0.1613	-0.233870858872349
0.1614	-0.236242213347473
0.1615	-0.238735904016426
0.1616	-0.241304769208349
0.1617	-0.243892608956991
0.1618	-0.24644350799612
0.1619	-0.248906983941978
0.162	-0.251240004082124
0.1621	-0.253406419045692
0.1622	-0.255377635741461
0.1623	-0.257130975689436
0.1624	-0.258643730744247
0.1625	-0.259889276387865
0.1626	-0.260837704393733
0.1627	-0.261463592149419
0.1628	-0.261753321033055
0.1629	-0.261710436159111
0.163	-0.261355053223074
0.1631	-0.260716676495442
0.1632	-0.25982448107088
0.1633	-0.258697921653555
0.1634	-0.257349138183105
0.1635	-0.25579600864727
0.1636	-0.254078377627929
0.1637	-0.252260168202708
0.1638	-0.250417462175765
0.1639	-0.248621365172175
0.164	-0.246921451123451
0.1641	-0.245337255188599
0.1642	-0.243865362928437
0.1643	-0.242500058543114
0.1644	-0.241250250212292
0.1645	-0.240145232638955
0.1646	-0.239226116111893
0.1647	-0.23853282075211
0.1648	-0.238094311833971
0.1649	-0.237926026063198
0.165	-0.238037097412689
0.1651	-0.238446815809469
0.1652	-0.239195502645069
0.1653	-0.240342009936968
0.1654	-0.241952987157489
0.1655	-0.244087663565023
0.1656	-0.246780195160333
0.1657	-0.250030696895069
0.1658	-0.25380936833039
0.1659	-0.258062836883563
0.166	-0.262722027802639
0.1661	-0.267708422002576
0.1662	-0.272942521641978
0.1663	-0.278343208965214
0.1664	-0.283832435714562
0.1665	-0.289336116368922
0.1666	-0.294782370808496
0.1667	-0.300103133878265
0.1668	-0.305243392694067
0.1669	-0.310173826596238
0.167	-0.314889388319136
0.1671	-0.319402182393591
0.1672	-0.323726215167835
0.1673	-0.327872244024433
0.1674	-0.331843994036051
0.1675	-0.335635595249903
0.1676	-0.339235961797097
0.1677	-0.342638522782514
0.1678	-0.345841192777478
0.1679	-0.348842047989184
0.168	-0.35163402553068
0.1681	-0.354208781184525
0.1682	-0.356556479316659
0.1683	-0.358659627303151
0.1684	-0.360491524302121
0.1685	-0.362023442292526
0.1686	-0.363233693101551
0.1687	-0.364106538538782
0.1688	-0.364625492435417
0.1689	-0.364767637786138
0.169	-0.364505140578658
0.1691	-0.363807600596124
0.1692	-0.362646023995316
0.1693	-0.361000385020117
0.1694	-0.358864186708861
0.1695	-0.356243948442007
0.1696	-0.35315821420588
0.1697	-0.349632882116916
0.1698	-0.345702938624516
0.1699	-0.341414843198304
0.17	-0.336826795120418
0.1701	-0.332004150470903
0.1702	-0.327013603483906
0.1703	-0.321916484463514
0.1704	-0.316760569254235
0.1705	-0.311576452521374
0.1706	-0.306370014372769
0.1707	-0.301131807733661
0.1708	-0.295848690351779
0.1709	-0.290512198477622
0.171	-0.285117266301176
0.1711	-0.27965534109876
0.1712	-0.274108334129615
0.1713	-0.26844988457284
0.1714	-0.26265753661461
0.1715	-0.256713767790112
0.1716	-0.250609250585846
0.1717	-0.244341004353137
0.1718	-0.237909431236279
0.1719	-0.231308676259097
0.172	-0.224513930695311
0.1721	-0.217476235786993
0.1722	-0.210136145898995
0.1723	-0.202430331493966
0.1724	-0.194303184562502
0.1725	-0.185708573648185
0.1726	-0.176613029655512
0.1727	-0.166995067155927
0.1728	-0.156839429631844
0.1729	-0.146135001247647
0.173	-0.134880334250617
0.1731	-0.123100891388685
0.1732	-0.110845427913819
0.1733	-0.0981945634323011
0.1734	-0.0852582335423655
0.1735	-0.0721701544803111
0.1736	-0.0590754361116979
0.1737	-0.0461157555326537
0.1738	-0.0334175468958833
0.1739	-0.0210855856453414
0.174	-0.0092159207482432
0.1741	0.002102990299953
0.1742	0.0127747871081425
0.1743	0.0226999675193511
0.1744	0.0317885018859467
0.1745	0.0399742357301971
0.1746	0.0472221638565422
0.1747	0.0535253568125693
0.1748	0.0588959864852754
0.1749	0.0633517557965275
0.175	0.0669153082272187
0.1751	0.0696127010399521
0.1752	0.0714776523110476
0.1753	0.0725481177305862
0.1754	0.0728568388645534
0.1755	0.0724263154917593
0.1756	0.0712718579646197
0.1757	0.0694037793053495
0.1758	0.0668261712821998
0.1759	0.0635359318178104
0.176	0.0595339812846296
0.1761	0.0548376651691225
0.1762	0.0494859775816483
0.1763	0.0435379646692979
0.1764	0.037070672348019
0.1765	0.0301729978881351
0.1766	0.0229381649136169
0.1767	0.0154453872724378
0.1768	0.0077612591715717
0.1769	-5.46140333206324E-05
0.177	-0.0079417340821912
0.1771	-0.0158374008995761
0.1772	-0.0236844637210023
0.1773	-0.0314405724036089
0.1774	-0.0390821582400633
0.1775	-0.0466003232404457
0.1776	-0.0540085969097852
0.1777	-0.0613309242721893
0.1778	-0.0685892088189792
0.1779	-0.0757993341124159
0.178	-0.0829777580910278
0.1781	-0.0901427710761027
0.1782	-0.0973089085644414
0.1783	-0.104485175152057
0.1784	-0.11167204062761
0.1785	-0.11886965687987
0.1786	-0.126077562054201
0.1787	-0.133295771016392
0.1788	-0.140515052851741
0.1789	-0.147708407857847
0.179	-0.15483699074789
0.1791	-0.161862999061267
0.1792	-0.168755203964739
0.1793	-0.175481747790295
0.1794	-0.182011094936996
0.1795	-0.188305979416823
0.1796	-0.194329253975368
0.1797	-0.200051801562827
0.1798	-0.205452495195159
0.1799	-0.210511636562982
0.18	-0.215206800671529
0.1801	-0.219513568995692
0.1802	-0.223405680694583
0.1803	-0.226860800107785
0.1804	-0.229859720706584
0.1805	-0.232386407921069
0.1806	-0.234424887697092
0.1807	-0.235962184023516
0.1808	-0.237001604337367
0.1809	-0.237576549074022
0.181	-0.237753208731582
0.1811	-0.237625274382715
0.1812	-0.2373036650463
0.1813	-0.236907032666206
0.1814	-0.236550826341262
0.1815	-0.236338709329323
0.1816	-0.236358012889395
0.1817	-0.236676742937113
0.1818	-0.237340874367981
0.1819	-0.238371919364327
0.182	-0.239764065611881
0.1821	-0.241479360678569
0.1822	-0.243447444389588
0.1823	-0.245572328634911
0.1824	-0.247741304814169
0.1825	-0.249833500626118
0.1826	-0.251729131601323
0.1827	-0.25331842720797
0.1828	-0.254507196827867
0.1829	-0.255226474548906
0.183	-0.255439099787245
0.1831	-0.255142420630903
0.1832	-0.254365310468833
0.1833	-0.253165617061486
0.1834	-0.2516270207633
0.1835	-0.249856237619512
0.1836	-0.247979655275512
0.1837	-0.246138133559991
0.1838	-0.244472280925348
0.1839	-0.243113906054872
0.184	-0.242183434878021
0.1841	-0.241786052997874
0.1842	-0.241999880396098
0.1843	-0.242866176924547
0.1844	-0.244388117607551
0.1845	-0.24653240258727
0.1846	-0.249225511217403
0.1847	-0.252352894460601
0.1848	-0.255762224778658
0.1849	-0.259276276347023
0.185	-0.262711116264489
0.1851	-0.265895180622486
0.1852	-0.268685395086848
0.1853	-0.270975937442132
0.1854	-0.272698177568009
0.1855	-0.273821053388576
0.1856	-0.274350079496427
0.1857	-0.27433195459191
0.1858	-0.27385542388282
0.1859	-0.273041510696491
0.186	-0.272027419461113
0.1861	-0.270957058157483
0.1862	-0.269979270188942
0.1863	-0.269246881407037
0.1864	-0.268907071534158
0.1865	-0.269087685030606
0.1866	-0.269880001054812
0.1867	-0.271326192187155
0.1868	-0.273417523455024
0.1869	-0.276104465118239
0.187	-0.279309625106148
0.1871	-0.282935076391258
0.1872	-0.286857870520198
0.1873	-0.290931035177274
0.1874	-0.29498714908056
0.1875	-0.298853844404221
0.1876	-0.302371473973968
0.1877	-0.305404416012593
0.1878	-0.307844284633602
0.1879	-0.309609424829938
0.188	-0.31064391141725
0.1881	-0.310914620997724
0.1882	-0.310414132723905
0.1883	-0.309167301438249
0.1884	-0.307235992978276
0.1885	-0.304713809671789
0.1886	-0.301714118518306
0.1887	-0.298358447157755
0.1888	-0.294768263760312
0.1889	-0.291058580774517
0.189	-0.287333296182116
0.1891	-0.28367372578276
0.1892	-0.280136460738444
0.1893	-0.276754580389867
0.1894	-0.27354215115303
0.1895	-0.27049580479947
0.1896	-0.267592624907598
0.1897	-0.264787762074704
0.1898	-0.262013512033927
0.1899	-0.259183525653603
0.19	-0.256198092370835
0.1901	-0.252958988894761
0.1902	-0.249381891879379
0.1903	-0.245403474339398
0.1904	-0.240981181789722
0.1905	-0.236091620157529
0.1906	-0.230732124313928
0.1907	-0.224930387003656
0.1908	-0.218744305895948
0.1909	-0.212264088955653
0.191	-0.205604409997296
0.1911	-0.198893904808846
0.1912	-0.192264249855862
0.1913	-0.185838984628145
0.1914	-0.179722755254273
0.1915	-0.173992087526706
0.1916	-0.168694332384666
0.1917	-0.163842166160386
0.1918	-0.159419734034919
0.1919	-0.155386894040888
0.192	-0.151684940792167
0.1921	-0.148240560997654
0.1922	-0.144966259620499
0.1923	-0.141761295370593
0.1924	-0.138519995944271
0.1925	-0.135148312828822
0.1926	-0.13157257794435
0.1927	-0.127745155373304
0.1928	-0.123643195149766
0.1929	-0.11926616686895
0.193	-0.114633197147652
0.1931	-0.109781424958536
0.1932	-0.104767158266814
0.1933	-0.099667377999177
0.1934	-0.0945785353963444
0.1935	-0.0896010713122948
0.1936	-0.0848315326946558
0.1937	-0.0803541079018917
0.1938	-0.0762329446066046
0.1939	-0.0725056201865755
0.194	-0.0691805688304754
0.1941	-0.0662361338842956
0.1942	-0.0636221637676098
0.1943	-0.0612679073323079
0.1944	-0.0590860930668224
0.1945	-0.0569763217854167
0.1946	-0.0548272904070046
0.1947	-0.0525253522043565
0.1948	-0.0499654407526888
0.1949	-0.0470591626983534
0.195	-0.0437412930701777
0.1951	-0.0399800836593851
0.1952	-0.0357769516454045
0.1953	-0.031162698836475
0.1954	-0.026190987528647
0.1955	-0.0209376763438129
0.1956	-0.01550119683308
0.1957	-0.009997553743613
0.1958	-0.0045503537453655
0.1959	0.0007173546062056
0.196	0.005682104837252
0.1961	0.0102246832629547
0.1962	0.0142285227722461
0.1963	0.0175870540020888
0.1964	0.0202127387952347
0.1965	0.0220435650248851
0.1966	0.0230434270248021
0.1967	0.0231989752636763
0.1968	0.0225174296284676
0.1969	0.021026949914746
0.197	0.0187748124355069
0.1971	0.0158255028665142
0.1972	0.0122606627550086
0.1973	0.0081788740840345
0.1974	0.0036895982255487
0.1975	-0.0010996994844437
0.1976	-0.0060946857156452
0.1977	-0.0112167424920937
0.1978	-0.0163945424840772
0.1979	-0.0215661492604049
0.198	-0.0266817474958625
0.1981	-0.0317153321889485
0.1982	-0.0366734129208481
0.1983	-0.0415941705090432
0.1984	-0.0465372360810754
0.1985	-0.0515709129199653
0.1986	-0.0567635392016896
0.1987	-0.0621755798517114
0.1988	-0.0678632731860898
0.1989	-0.0738778504790254
0.199	-0.0802673153257061
0.1991	-0.0870708931708748
0.1992	-0.0943113058373886
0.1993	-0.101993113228088
0.1994	-0.110107855046301
0.1995	-0.118632233523712
0.1996	-0.127533603949939
0.1997	-0.136760417712232
0.1998	-0.146242329739749
0.1999	0
0.2	0
