0	-0.088849132
0.0005	0.033455354
0.001	0.251340306
0.0015	0.595405405
0.002	1.093396051
0.0025	1.764462254
0.003	2.610606108
0.0035	3.60835497
0.004	4.708963757
0.0045	5.843765117
0.005	6.932071989
0.0055	7.899187395
0.006	8.69722038
0.0065	9.301677567
0.007	9.71686672
0.0075	9.975322974
0.008	10.11452001
0.0085	10.18218834
0.009	10.2344354
0.0095	10.32417764
0.01	10.49834485
0.0105	10.78598002
0.011	11.19577256
0.0115	11.72006665
0.012	12.33917207
0.0125	13.02806272
0.013	13.76169769
0.0135	14.5119587
0.014	15.23791455
0.0145	15.89537193
0.015	16.44849586
0.0155	16.86363742
0.016	17.11807456
0.0165	17.20478085
0.017	17.13156535
0.0175	16.91616268
0.018	16.57184532
0.0185	16.11076636
0.019	15.54969612
0.0195	14.90804277
0.02	14.20483383
0.0205	13.45577346
0.021	12.67898002
0.0215	11.902324
0.022	11.15831753
0.0225	10.48961678
0.023	9.945961065
0.0235	9.58276259
0.024	9.461800893
0.0245	9.639493155
0.025	10.14923296
0.0255	11.0008833
0.026	12.17149369
0.0265	13.60039608
0.027	15.19154078
0.0275	16.82841187
0.028	18.39232112
0.0285	19.76450878
0.029	20.84678928
0.0295	21.57372659
0.03	21.92261351
0.0305	21.9261878
0.031	21.66625441
0.0315	21.25663841
0.032	20.82757168
0.0325	20.51309117
0.033	20.41728948
0.0335	20.59860257
0.034	21.08283641
0.0345	21.85755276
0.035	22.86345501
0.0355	24.00416143
0.036	25.15448891
0.0365	26.17371446
0.037	26.92492754
0.0375	27.30155673
0.038	27.24077647
0.0385	26.7371436
0.039	25.83572758
0.0395	24.6147056
0.04	23.20400215
0.0405	21.75847514
0.041	20.41851645
0.0415	19.31701128
0.042	18.58717529
0.0425	18.32931943
0.043	18.60325597
0.0435	19.44795649
0.044	20.87611634
0.0445	22.84971595
0.045	25.26291332
0.0455	27.97626236
0.046	30.82774011
0.0465	33.61912555
0.047	36.14698678
0.0475	38.26999398
0.048	39.91168385
0.0485	41.02389424
0.049	41.56844783
0.0495	41.50823634
0.05	40.81719371
0.0505	39.50813051
0.051	37.63486115
0.0515	35.29075785
0.052	32.63542613
0.0525	29.88775924
0.053	27.26774851
0.0535	24.95737505
0.054	23.09786513
0.0545	21.79932579
0.055	21.11717928
0.0555	21.01984192
0.056	21.43015991
0.0565	22.27052359
0.057	23.44936631
0.0575	24.84587698
0.058	26.32896925
0.0585	27.76609513
0.059	28.99842722
0.0595	29.86911345
0.06	30.29839021
0.0605	30.31973636
0.061	29.9681473
0.0615	29.23435587
0.062	28.10539256
0.0625	26.58686429
0.063	24.7357594
0.0635	22.63565556
0.064	20.39435441
0.0645	18.13068338
0.065	15.97884964
0.0655	14.09045429
0.066	12.5684031
0.0665	11.46571119
0.067	10.79086491
0.0675	10.47369224
0.068	10.37753154
0.0685	10.35326781
0.069	10.27994994
0.0695	10.08755938
0.07	9.745000988
0.0705	9.25391727
0.071	8.635778484
0.0715	7.966610433
0.072	7.33986752
0.0725	6.814235014
0.073	6.432772037
0.0735	6.254463305
0.074	6.248238788
0.0745	6.317019765
0.075	6.379482428
0.0755	6.411914388
0.076	6.427117871
0.0765	6.420007459
0.077	6.366184113
0.0775	6.319343903
0.078	6.391720045
0.0785	6.609194572
0.079	6.88510742
0.0795	7.116599139
0.08	7.248901778
0.0805	7.233605353
0.081	7.098138332
0.0815	6.866738026
0.082	6.629197457
0.0825	6.421055367
0.083	6.192242873
0.0835	5.909519549
0.084	5.558931179
0.0845	5.20013768
0.085	4.875621508
0.0855	4.608935221
0.086	4.458577149
0.0865	4.386281451
0.087	4.279895555
0.0875	4.112457749
0.088	3.93888478
0.0885	3.843016297
0.089	3.852155038
0.0895	3.918681475
0.09	3.922707191
0.0905	3.818800948
0.091	3.710786717
0.0915	3.640234828
0.092	3.555398603
0.0925	3.415801264
0.093	3.215565604
0.0935	2.983820821
0.094	2.711101224
0.0945	2.390994074
0.095	2.096228047
0.0955	1.883114559
0.096	1.789378309
0.0965	1.836389252
0.097	2.00253796
0.0975	2.2445936
0.098	2.477946255
0.0985	2.626479833
0.099	2.694661155
0.0995	2.70522523
0.1	2.738136435
0.1005	2.822955614
0.101	2.916571871
0.1015	2.948561799
0.102	2.850847711
0.1025	2.668966122
0.103	2.384692939
0.1035	2.040319244
0.104	1.668385728
0.1045	1.299620784
0.105	0.973149219
0.1055	0.668173968
0.106	0.368762238
0.1065	0.094899689
0.107	-0.124780412
0.1075	-0.28195405
0.108	-0.360412324
0.1085	-0.342968943
0.109	-0.296476182
0.1095	-0.287117583
0.11	-0.320597398
0.1105	-0.373701327
0.111	-0.394611086
0.1115	-0.385911008
0.112	-0.342875246
0.1125	-0.28344361
0.113	-0.248194798
0.1135	-0.257560507
0.114	-0.308466097
0.1145	-0.358401428
0.115	-0.40207468
0.1155	-0.415659438
0.116	-0.350304302
0.1165	-0.244017796
0.117	-0.144707172
0.1175	-0.105169301
0.118	-0.107065552
0.1185	-0.107625126
0.119	-0.097295118
0.1195	-0.068200554
0.12	-0.023944433
0.1205	0.036397954
0.121	0.078998727
0.1215	0.111990803
0.122	0.166392345
0.1225	0.214353454
0.123	0.215359829
0.1235	0.165336942
0.124	0.072810947
0.1245	-0.038983968
0.125	-0.133616431
0.1255	-0.192248366
0.126	-0.204885785
0.1265	-0.191129939
0.127	-0.172847566
0.1275	-0.153791876
0.128	-0.152254175
0.1285	-0.160489465
0.129	-0.201073027
0.1295	-0.274906788
0.13	-0.347895833
0.1305	-0.400072706
0.131	-0.418803935
0.1315	-0.421207381
0.132	-0.403947606
0.1325	-0.37933159
0.133	-0.351220521
0.1335	-0.314247169
0.134	-0.273536021
0.1345	-0.231855101
0.135	-0.198063096
0.1355	-0.177240161
0.136	-0.167453504
0.1365	-0.166480893
0.137	-0.180255313
0.1375	-0.204961321
0.138	-0.222193237
0.1385	-0.204106029
0.139	-0.143844377
0.1395	-0.079661359
0.14	-0.035953402
0.1405	-0.023122627
0.141	-0.033843432
0.1415	-0.062075635
0.142	-0.106507867
0.1425	-0.153650151
0.143	-0.20805861
0.1435	-0.264163168
0.144	-0.302135027
0.1445	-0.31488441
0.145	-0.31014237
0.1455	-0.296572616
0.146	-0.258777066
0.1465	-0.189135034
0.147	-0.112119238
0.1475	-0.05768562
0.148	-0.017799851
0.1485	0.013744963
0.149	0.037854522
0.1495	0.042576621
0.15	0.03435391
0.1505	0.034353802
0.151	0.034353802
0.1515	0.034353802
0.152	0.034353802
0.1525	0.034353802
0.153	0.034353802
0.1535	0.034353802
0.154	0.034353802
0.1545	0.034353802
0.155	0.034353802
0.1555	0.034353802
0.156	0.034353802
0.1565	0.034353802
0.157	0.034353802
0.1575	0.034353802
0.158	0.034353802
0.1585	0.034353802
0.159	0.034353802
0.1595	0.034353802
0.16	0.034353802
0.1605	0.034353802
0.161	0.034353802
0.1615	0.034353802
0.162	0.034353802
0.1625	0.034353802
0.163	0.034353802
0.1635	0.034353802
0.164	0.034353802
0.1645	0.034353802
0.165	0.034353802
0.1655	0.034353802
0.166	0.034353802
0.1665	0.034353802
0.167	0.034353802
0.1675	0.034353802
0.168	0.034353802
0.1685	0.034353802
0.169	0.034353802
0.1695	0.034353802
0.17	0.034353802
0.1705	0.034353802
0.171	0.034353802
0.1715	0.034353802
0.172	0.034353802
0.1725	0.034353802
0.173	0.034353802
0.1735	0.034353802
0.174	0.034353802
0.1745	0.034353802
0.175	0.034353802
0.1755	0.034353802
0.176	0.034353802
0.1765	0.034353802
0.177	0.034353802
0.1775	0.034353802
0.178	0.034353802
0.1785	0.034353802
0.179	0.034353802
0.1795	0.034353802
0.18	0.034353802
0.1805	0.034353802
0.181	0.034353802
0.1815	0.034353802
0.182	0.034353802
0.1825	0.034353802
0.183	0.034353802
0.1835	0.034353802
0.184	0.034353802
0.1845	0.034353802
0.185	0.034353802
0.1855	0.034353802
0.186	0.034353802
0.1865	0.034353802
0.187	0.034353802
0.1875	0.034353802
0.188	0.034353802
0.1885	0.034353802
0.189	0.034353802
0.1895	0.034353802
0.19	0.034353802
0.1905	0.034353802
0.191	0.034353802
0.1915	0.034353802
0.192	0.034353802
0.1925	0.034353802
0.193	0.034353802
0.1935	0.034353802
0.194	0.034353802
0.1945	0.034353802
0.195	0.034353802
0.1955	0.034353802
0.196	0.034353802
0.1965	0.034353802
0.197	0.034353802
0.1975	0.034353802
0.198	0.034353802
0.1985	0.034353802
0.199	0.034353802
0.1995	0.034353802
0.2	0.0
