0	0
0.0001	-0.0705870533612721
0.0002	-0.0494595940092687
0.0003	-0.0252349243558705
0.0004	0.0023232261909505
0.0005	0.0334553532873351
0.0006	0.0684059758718211
0.0007	0.107421982672268
0.0008	0.150751153372402
0.0009	0.198641412656769
0.001	0.251340304616434
0.0011	0.309094253960353
0.0012	0.372145944659007
0.0013	0.440731791214773
0.0014	0.515079180761099
0.0015	0.595405389326001
0.0016	0.681915857188832
0.0017	0.774801710175
0.0018	0.874239715972903
0.0019	0.980390276279493
0.002	1.09339607947886
0.0021	1.21337864375779
0.0022	1.34043230225896
0.0023	1.47462027376982
0.0024	1.61596842388609
0.0025	1.7644622003189
0.0026	1.92004464955603
0.0027	2.08261645375379
0.0028	2.25203436310542
0.0029	2.42810852105642
0.003	2.61060614595252
0.0031	2.79924995792705
0.0032	2.99372307728204
0.0033	3.19366744846486
0.0034	3.39868870076697
0.0035	3.60835505722745
0.0036	3.82219971757043
0.0037	4.03972434754456
0.0038	4.26040110753327
0.0039	4.48367524140322
0.004	4.70896391981384
0.0041	4.93566365449955
0.0042	5.1631468366944
0.0043	5.39076628824016
0.0044	5.61786370894945
0.0045	5.84376521593243
0.0046	6.06779552480465
0.0047	6.28928485411642
0.0048	6.50757406058537
0.0049	6.72203385287625
0.005	6.93207191498567
0.0051	7.13715181756961
0.0052	7.3367991164826
0.0053	7.53059082628589
0.0054	7.71815893603262
0.0055	7.89918761676745
0.0056	8.07339415543593
0.0057	8.24052508503281
0.0058	8.40034209994073
0.0059	8.5526329473952
0.006	8.69722072689873
0.0061	8.83397308256644
0.0062	8.96280361123013
0.0063	9.0836734672668
0.0064	9.19660108388659
0.0065	9.30167756293888
0.0066	9.39906791088452
0.0067	9.48899762955794
0.0068	9.57173912218421
0.0069	9.64759069243442
0.007	9.71686634354339
0.0071	9.77988240192089
0.0072	9.83694655100521
0.0073	9.88835230563038
0.0074	9.9343852986537
0.0075	9.97532278394326
0.0076	10.0114449991806
0.0077	10.0430545921394
0.0078	10.0704994702696
0.0079	10.0941782773656
0.008	10.1145199956426
0.0081	10.1319732299312
0.0082	10.1469955383896
0.0083	10.1600580365559
0.0084	10.1716366130237
0.0085	10.182187985317
0.0086	10.1921472258566
0.0087	10.2019319414743
0.0088	10.211956982942
0.0089	10.2226476925755
0.009	10.2344351330502
0.0091	10.2477454641328
0.0092	10.2629832910361
0.0093	10.2805404602913
0.0094	10.3008098919165
0.0095	10.3241778239237
0.0096	10.3509949415022
0.0097	10.3815688212188
0.0098	10.4161700800225
0.0099	10.4550304645196
0.01	10.4983445284863
0.0101	10.54626008713
0.0102	10.5988958328809
0.0103	10.6563490682649
0.0104	10.7186956229123
0.0105	10.7859803268555
0.0106	10.8582079428837
0.0107	10.9353500709396
0.0108	11.017361411182
0.0109	11.1041907306705
0.011	11.1957722283739
0.0111	11.2919952796303
0.0112	11.3927053830968
0.0113	11.4977289211643
0.0114	11.6069028663123
0.0115	11.7200669989368
0.0116	11.8370544305551
0.0117	11.9576677444311
0.0118	12.081696913232
0.0119	12.2089334814022
0.012	12.3391722274316
0.0121	12.4722100193402
0.0122	12.6078313261502
0.0123	12.7458158450972
0.0124	12.8859543577864
0.0125	13.0280625557374
0.0126	13.1719655754725
0.0127	13.3174860348518
0.0128	13.4644255660205
0.0129	13.6125739283023
0.013	13.7616973691848
0.0131	13.9115370230464
0.0132	14.0618077400129
0.0133	14.2121967126123
0.0134	14.3623691988984
0.0135	14.5119585520998
0.0136	14.6605879964804
0.0137	14.8078689421569
0.0138	14.9534256361542
0.0139	15.0968909139365
0.014	15.2379144296524
0.0141	15.3761612127508
0.0142	15.5113133135523
0.0143	15.6430789032799
0.0144	15.7711842747801
0.0145	15.895371937835
0.0146	16.0153918903379
0.0147	16.1309907805164
0.0148	16.241901392747
0.0149	16.3478357072669
0.015	16.4484961836763
0.0151	16.5435844183678
0.0152	16.6328389741215
0.0153	16.7160338636443
0.0154	16.793010770606
0.0155	16.863638086752
0.0156	16.9278090053806
0.0157	16.985414807156
0.0158	17.0363620317746
0.0159	17.0805907905289
0.016	17.1180741322566
0.0161	17.1488035296079
0.0162	17.1727923338885
0.0163	17.1900691553578
0.0164	17.2007007513329
0.0165	17.2047805765055
0.0166	17.2024230732461
0.0167	17.1937617620014
0.0168	17.1789511388779
0.0169	17.1581590515024
0.017	17.131565339686
0.0171	17.0993235158084
0.0172	17.0615656197237
0.0173	17.018392741711
0.0174	16.9698964350432
0.0175	16.9161625308796
0.0176	16.8572711334526
0.0177	16.793302353105
0.0178	16.7243439321968
0.0179	16.6504912386803
0.018	16.5718453625898
0.0181	16.4885128041037
0.0182	16.4006068129663
0.0183	16.3082509612155
0.0184	16.2115883005496
0.0185	16.1107656975332
0.0186	16.0059433701907
0.0187	15.897267227748
0.0188	15.7848936752066
0.0189	15.6689810259892
0.019	15.5496961738934
0.0191	15.4271964759197
0.0192	15.3016311652358
0.0193	15.173143386646
0.0194	15.041890895381
0.0195	14.9080424925547
0.0196	14.7717583963323
0.0197	14.6331759366462
0.0198	14.4924162286091
0.0199	14.3495984833518
0.02	14.2048342826876
0.0201	14.0582323460605
0.0202	13.9099042539635
0.0203	13.7599653476902
0.0204	13.6085378349602
0.0205	13.4557732649228
0.0206	13.3018556973647
0.0207	13.146987312138
0.0208	12.9913931773987
0.0209	12.8353078979121
0.021	12.6789803847528
0.0211	12.5226595484725
0.0212	12.3665962066057
0.0213	12.2110268715882
0.0214	12.0561880696213
0.0215	11.9023238926149
0.0216	11.749717613756
0.0217	11.5986782248664
0.0218	11.4495318840989
0.0219	11.3026247768826
0.022	11.1583173974463
0.0221	11.0169931238762
0.0222	10.8790505928123
0.0223	10.7449017936468
0.0224	10.6149568083529
0.0225	10.4896165609978
0.0226	10.3692616595694
0.0227	10.2542893107191
0.0228	10.1451124573889
0.0229	10.0421793285365
0.023	9.94596104154808
0.0231	9.85694684340364
0.0232	9.77562787412924
0.0233	9.70249432161444
0.0234	9.63803923803587
0.0235	9.58276235139631
0.0236	9.53717749071981
0.0237	9.5017950691921
0.0238	9.4771224421188
0.0239	9.4636421713825
0.024	9.46180057909812
0.0241	9.4719982107708
0.0242	9.49458603717013
0.0243	9.52986731741881
0.0244	9.57809858621293
0.0245	9.63949346747414
0.0246	9.71423220630612
0.0247	9.80246275316948
0.0248	9.9043161766828
0.0249	10.0198863436643
0.025	10.1492333361988
0.0251	10.292368598783
0.0252	10.4492463551266
0.0253	10.6197569508047
0.0254	10.803720125788
0.0255	11.000883150289
0.0256	11.2109227266846
0.0257	11.4334564292231
0.0258	11.668052525185
0.0259	11.9142438665816
0.026	12.1714940576241
0.0261	12.4392032346655
0.0262	12.7167028690881
0.0263	13.0032624429752
0.0264	13.2981018576064
0.0265	13.600396169157
0.0266	13.9092632219423
0.0267	14.2237741322327
0.0268	14.5429675913296
0.0269	14.8658714804669
0.027	15.1915403445903
0.0271	15.5190221580337
0.0272	15.847383268723
0.0273	16.175698607797
0.0274	16.503024986646
0.0275	16.8284115828301
0.0276	17.1508932736766
0.0277	17.4694992141791
0.0278	17.7832566515525
0.0279	18.0911890183367
0.028	18.3923218450391
0.0281	18.6857145917268
0.0282	18.9704517688235
0.0283	19.2456769719186
0.0284	19.5106062762256
0.0285	19.7645091632153
0.0286	20.0067161307974
0.0287	20.2366034880722
0.0288	20.4535894927491
0.0289	20.6571458068685
0.029	20.8467898691377
0.0291	21.0220836852604
0.0292	21.1826675804004
0.0293	21.3282558520931
0.0294	21.4586405976115
0.0295	21.5737264482633
0.0296	21.6735038668116
0.0297	21.7580586598403
0.0298	21.8275701426153
0.0299	21.8823053470777
0.03	21.9226133205351
0.0301	21.9489518295834
0.0302	21.961849102717
0.0303	21.9619045253793
0.0304	21.9497738506344
0.0305	21.9261875960954
0.0306	21.8919468517889
0.0307	21.8479156507263
0.0308	21.7949999747105
0.0309	21.7341325381306
0.031	21.6662536690838
0.0311	21.592336120472
0.0312	21.5133736263493
0.0313	21.4304015506527
0.0314	21.3444623066763
0.0315	21.2566380181947
0.0316	21.1680036417029
0.0317	21.0796662851242
0.0318	20.9927365256598
0.0319	20.908332685108
0.032	20.8275711890567
0.0321	20.7515045373622
0.0322	20.681136008082
0.0323	20.617389199359
0.0324	20.5611214598269
0.0325	20.5130915747483
0.0326	20.4739782384348
0.0327	20.4443661548148
0.0328	20.4247646647239
0.0329	20.4156114367633
0.033	20.4172897568636
0.0331	20.4301393470886
0.0332	20.4544584235968
0.0333	20.4905009805927
0.0334	20.5384927186791
0.0335	20.5986017933327
0.0336	20.6709566721173
0.0337	20.7556071861987
0.0338	20.852548370139
0.0339	20.9616811968414
0.034	21.0828358198441
0.0341	21.215772895565
0.0342	21.3601548356634
0.0343	21.5155858163005
0.0344	21.681570021337
0.0345	21.8575531764382
0.0346	22.0428813838589
0.0347	22.2368836874314
0.0348	22.4388188982792
0.0349	22.6479506382644
0.035	22.8634544975998
0.0351	23.0844666783353
0.0352	23.3100552161339
0.0353	23.5392116458762
0.0354	23.7709343884689
0.0355	24.0041610312942
0.0356	24.2378407728281
0.0357	24.4708499815899
0.0358	24.702069183396
0.0359	24.9303291744555
0.036	25.1544890947179
0.0361	25.3733803478843
0.0362	25.5858725638628
0.0363	25.7908424424081
0.0364	25.9871529773507
0.0365	26.1737146267335
0.0366	26.3494375890342
0.0367	26.5133222467176
0.0368	26.6644160330386
0.0369	26.8018832863055
0.037	26.9249280784379
0.0371	27.0328612360747
0.0372	27.1250284838768
0.0373	27.2008672188231
0.0374	27.2598591695859
0.0375	27.3015569195487
0.0376	27.3255863517851
0.0377	27.3316363592356
0.0378	27.3195244975754
0.0379	27.289207704251
0.038	27.2407771590313
0.0381	27.1744597696706
0.0382	27.0905650560861
0.0383	26.9894505873035
0.0384	26.8715078884645
0.0385	26.7371441565803
0.0386	26.5868037602162
0.0387	26.4209336852854
0.0388	26.2400609688498
0.0389	26.0447578939477
0.039	25.8357274662916
0.0391	25.6137132508181
0.0392	25.3795920766265
0.0393	25.1343114878567
0.0394	24.8789618827308
0.0395	24.6147051214168
0.0396	24.3427690255982
0.0397	24.0644515170302
0.0398	23.7810271553738
0.0399	23.4937967575196
0.04	23.2040016850457
0.0401	22.9128975276921
0.0402	22.621652837217
0.0403	22.3314451185461
0.0404	22.0433571810139
0.0405	21.758474689582
0.0406	21.4778264353911
0.0407	21.2024453905528
0.0408	20.9334050686931
0.0409	20.6717400668289
0.041	20.4185171194291
0.0411	20.1747777936473
0.0412	19.9416388873741
0.0413	19.7202122580094
0.0414	19.5116472155418
0.0415	19.3170118565384
0.0416	19.137357915248
0.0417	18.9736662863826
0.0418	18.8268677649234
0.0419	18.6978034824022
0.042	18.5871748506435
0.0421	18.4955855196943
0.0422	18.4235377366929
0.0423	18.3715156833476
0.0424	18.3399637803585
0.0425	18.3293190478298
0.0426	18.3399987588991
0.0427	18.3723964343573
0.0428	18.4268712728376
0.0429	18.5037386346581
0.043	18.6032566796588
0.0431	18.7256745082345
0.0432	18.8711989308243
0.0433	19.0400141126003
0.0434	19.2322372686128
0.0435	19.4479571719931
0.0436	19.6871632515639
0.0437	19.9498031338173
0.0438	20.2356965029128
0.0439	20.5445901765226
0.044	20.8761166420012
0.0441	21.2297178340739
0.0442	21.6047405227515
0.0443	22.0003503573514
0.0444	22.4156801010147
0.0445	22.8497166380435
0.0446	23.3014318230131
0.0447	23.7696970591925
0.0448	24.2534449989302
0.0449	24.7515463847147
0.045	25.2629131430369
0.0451	25.7863839809076
0.0452	26.3206919528939
0.0453	26.8646234346854
0.0454	27.4168926047048
0.0455	27.9762625445584
0.0456	28.5413126414143
0.0457	29.1106010224976
0.0458	29.6825079216184
0.0459	30.2554527488385
0.046	30.8277392039122
0.0461	31.3976872912361
0.0462	31.9635595988833
0.0463	32.5235438635235
0.0464	33.0759614570969
0.0465	33.6191270061954
0.0466	34.1515436856662
0.0467	34.6717222581591
0.0468	35.1784196381666
0.0469	35.6704767384497
0.047	36.1469876900589
0.0471	36.6070819830108
0.0472	37.0500409602063
0.0473	37.4752283986148
0.0474	37.8820399021165
0.0475	38.2699950254665
0.0476	38.6386067971846
0.0477	38.987467980694
0.0478	39.3161634359167
0.0479	39.6243551664668
0.048	39.9116847447711
0.0481	40.1778222492362
0.0482	40.4224164974854
0.0483	40.6451452880832
0.0484	40.8457302951304
0.0485	41.023892715038
0.0486	41.1793793072112
0.0487	41.3118843884212
0.0488	41.4211128668708
0.0489	41.506732297656
0.049	41.5684475937185
0.0491	41.6059568769848
0.0492	41.6189687725851
0.0493	41.6071853721977
0.0494	41.5703398529457
0.0495	41.5082356967951
0.0496	41.4207699837867
0.0497	41.3078871902595
0.0498	41.1695991258876
0.0499	41.0059720268376
0.05	40.8171934841465
0.0501	40.6035316323333
0.0502	40.3653764840692
0.0503	40.1031218737094
0.0504	39.8172227826649
0.0505	39.5081307400559
0.0506	39.1763524843491
0.0507	38.8224842679879
0.0508	38.4471182345717
0.0509	38.050991517242
0.051	37.6348606568838
0.0511	37.1996759154146
0.0512	36.7464462512696
0.0513	36.2763538060304
0.0514	35.7906450647437
0.0515	35.2907565235427
0.0516	34.7781843361989
0.0517	34.2545570703876
0.0518	33.721668141763
0.0519	33.1813168065264
0.052	32.6354276096853
0.0521	32.0858597298803
0.0522	31.5345175156052
0.0523	30.9831891186465
0.0524	30.4337046304927
0.0525	29.887758929307
0.0526	29.3470786134077
0.0527	28.8132531887798
0.0528	28.2877926379692
0.0529	27.7721763661766
0.053	27.2677486152546
0.0531	26.7758612661264
0.0532	26.2977307418967
0.0533	25.8345618549946
0.0534	25.3874188554435
0.0535	24.9573743315276
0.0536	24.5454189524364
0.0537	24.152576633855
0.0538	23.7797878297763
0.0539	23.4279298679125
0.054	23.0978649595531
0.0541	22.7903729605729
0.0542	22.5062228786179
0.0543	22.2460266098334
0.0544	22.0102899386964
0.0545	21.7993254114502
0.0546	21.6133353652574
0.0547	21.4523426469794
0.0548	21.3162212939769
0.0549	21.2046547213715
0.055	21.1171796800752
0.0551	21.0532483434637
0.0552	21.0122259849181
0.0553	20.9934389189071
0.0554	20.9961988852899
0.0555	21.0198419787186
0.0556	21.0637558730719
0.0557	21.1273477073738
0.0558	21.2100274633036
0.0559	21.3111705418314
0.056	21.4301603730289
0.0561	21.5663800116725
0.0562	21.7192018266033
0.0563	21.8879864141199
0.0564	22.072011924476
0.0565	22.2705232504502
0.0566	22.4826797695979
0.0567	22.7076084947125
0.0568	22.944361765462
0.0569	23.1919655689354
0.057	23.4493655391336
0.0571	23.7155086448575
0.0572	23.9893254387215
0.0573	24.2697047562598
0.0574	24.5555839325187
0.0575	24.8458774804252
0.0576	25.1395960546167
0.0577	25.4357469710226
0.0578	25.7333833261604
0.0579	26.0314720759741
0.058	26.3289691696474
0.0581	26.6247424374167
0.0582	26.9176242142944
0.0583	27.2063760169299
0.0584	27.4896449187328
0.0585	27.7660959665273
0.0586	28.0343428447868
0.0587	28.2930513252232
0.0588	28.5408498649342
0.0589	28.7764121133958
0.059	28.9984275507375
0.0591	29.2057145720703
0.0592	29.3972091332386
0.0593	29.572043289101
0.0594	29.7295193396871
0.0595	29.8691139157562
0.0596	29.990570751831
0.0597	30.0938748197792
0.0598	30.1792781006773
0.0599	30.2472491333103
0.06	30.2983899031679
0.0601	30.3333128654686
0.0602	30.3525658324486
0.0603	30.356555938245
0.0604	30.3455621686112
0.0605	30.3197363476373
0.0606	30.2791429338391
0.0607	30.223779209781
0.0608	30.1535899682373
0.0609	30.0684403807272
0.061	29.9681479652898
0.0611	29.8525086860196
0.0612	29.7213902237934
0.0613	29.5746966638511
0.0614	29.4123783208321
0.0615	29.2343551359539
0.0616	29.0405361804742
0.0617	28.8308153043008
0.0618	28.605060856011
0.0619	28.3632417530457
0.062	28.1053934975631
0.0621	27.8317088604003
0.0622	27.5424935181613
0.0623	27.238232692651
0.0624	26.919485183699
0.0625	26.5868644714355
0.0626	26.2409325983913
0.0627	25.8822467168393
0.0628	25.5113549117096
0.0629	25.128958891351
0.063	24.7357599046128
0.0631	24.3325323501441
0.0632	23.9200520823787
0.0633	23.4991873691864
0.0634	23.0707545275831
0.0635	22.6356556375998
0.0636	22.1948444286743
0.0637	21.7492755865275
0.0638	21.3000320068934
0.0639	20.8480762327912
0.064	20.3943543075439
0.0641	19.9397058894383
0.0642	19.485064623052
0.0643	19.031314064268
0.0644	18.579478438312
0.0645	18.1306840592863
0.0646	17.6862813550669
0.0647	17.2475776157784
0.0648	16.8159175949172
0.0649	16.3926057573808
0.065	15.9788493398781
0.0651	15.5758659017884
0.0652	15.184670550872
0.0653	14.8061873361084
0.0654	14.4411980937462
0.0655	14.0904542646219
0.0656	13.7545224511813
0.0657	13.4339177825666
0.0658	13.1290997026353
0.0659	12.8404590137486
0.066	12.568403285119
0.0661	12.313229153097
0.0662	12.0752120561939
0.0663	11.8545410006076
0.0664	11.6513709840266
0.0665	11.4657109035617
0.0666	11.2974616462089
0.0667	11.1463548622955
0.0668	11.0119799341699
0.0669	10.8937272780269
0.067	10.7908647538129
0.0671	10.7025366912419
0.0672	10.6277670244148
0.0673	10.5654941790236
0.0674	10.5145468984394
0.0675	10.4736920824422
0.0676	10.4416629903194
0.0677	10.4172208196711
0.0678	10.3991661631371
0.0679	10.3863280006419
0.068	10.3775313767109
0.0681	10.3715838501146
0.0682	10.3672933438015
0.0683	10.3634920623234
0.0684	10.3591138252849
0.0685	10.353267449777
0.0686	10.3452471553484
0.0687	10.3344441155629
0.0688	10.3203013863539
0.0689	10.3022977812429
0.069	10.2799496720874
0.0691	10.2527694585989
0.0692	10.2202888148796
0.0693	10.1821072970668
0.0694	10.1379172596574
0.0695	10.0875592957396
0.0696	10.0310378831334
0.0697	9.96848464154473
0.0698	9.89998587512586
0.0699	9.8255146241087
0.07	9.74500107918246
0.0701	9.65847855201541
0.0702	9.56604249033683
0.0703	9.46774171442161
0.0704	9.36364704235146
0.0705	9.25391722563263
0.0706	9.13886129785911
0.0707	9.01888695752618
0.0708	8.89457090039845
0.0709	8.7666119076999
0.071	8.63577860742772
0.0711	8.50282112768564
0.0712	8.36856512275006
0.0713	8.23388856208993
0.0714	8.09965259129571
0.0715	7.96661058089224
0.0716	7.8354084329179
0.0717	7.70665792534331
0.0718	7.58085133914155
0.0719	7.45843783595608
0.072	7.33986738672426
0.0721	7.22555673563809
0.0722	7.11570103604041
0.0723	7.01037043152787
0.0724	6.90974938765201
0.0725	6.81423524285584
0.0726	6.72436156728554
0.0727	6.64067138698454
0.0728	6.56376782688754
0.0729	6.49427720675309
0.073	6.43277206717104
0.0731	6.37971481787884
0.0732	6.33546836183093
0.0733	6.3001365980418
0.0734	6.27338042487689
0.0735	6.25446318868808
0.0736	6.24253006396748
0.0737	6.23676700685797
0.0738	6.23636017279081
0.0739	6.24045997647016
0.074	6.24823896618853
0.0741	6.25892658559588
0.0742	6.27180668840728
0.0743	6.28621599926421
0.0744	6.30151982879781
0.0745	6.31701963454866
0.0746	6.331981111387
0.0747	6.34584071676373
0.0748	6.3583598590532
0.0749	6.36955199137327
0.075	6.37948245017402
0.0751	6.3882038310181
0.0752	6.39576823548141
0.0753	6.4022111500992
0.0754	6.40755498035455
0.0755	6.41191447485564
0.0756	6.41556650219211
0.0757	6.41884231787909
0.0758	6.42192549475288
0.0759	6.4247612013429
0.076	6.4271178625306
0.0761	6.42867183982174
0.0762	6.42906713113451
0.0763	6.42796137861901
0.0764	6.42503627330022
0.0765	6.4200076013189
0.0766	6.41271163946523
0.0767	6.40324420364623
0.0768	6.39197962844023
0.0769	6.37944050474529
0.077	6.36618417892945
0.0771	6.35283677913806
0.0772	6.34024752792372
0.0773	6.32957390196949
0.0774	6.32218357786708
0.0775	6.31934406065653
0.0776	6.32191699814675
0.0777	6.33029081398508
0.0778	6.34460199359251
0.0779	6.36500646912977
0.078	6.39171986504692
0.0781	6.42480979371802
0.0782	6.46394266479406
0.0783	6.50835741986983
0.0784	6.55709459763767
0.0785	6.60919434285751
0.0786	6.66371330110678
0.0787	6.71963486729586
0.0788	6.77587352025369
0.0789	6.83133685105769
0.079	6.88510746955531
0.0791	6.93663653603777
0.0792	6.98573370899615
0.0793	7.03232134124172
0.0794	7.07611908175577
0.0795	7.11659915246681
0.0796	7.15312325647719
0.0797	7.18510466014281
0.0798	7.21204124154075
0.0799	7.23346620884968
0.08	7.24890200590629
0.0801	7.25795507674816
0.0802	7.26051135748129
0.0803	7.25687658825202
0.0804	7.2476831776946
0.0805	7.2336052411042
0.0806	7.21505706646555
0.0807	7.19216215777322
0.0808	7.16496654968466
0.0809	7.13359685827138
0.081	7.09813841690646
0.0811	7.05853777114226
0.0812	7.0148245440537
0.0813	6.9674972390507
0.0814	6.91766191909493
0.0815	6.86673800313606
0.0816	6.81605726696743
0.0817	6.76658400746804
0.0818	6.71886249744414
0.0819	6.67308547464574
0.082	6.62919763787829
0.0821	6.58690213128898
0.0822	6.54565212925453
0.0823	6.50470300050291
0.0824	6.46332997114812
0.0825	6.42105527228666
0.0826	6.37771067156109
0.0827	6.33329307948467
0.0828	6.28773110660433
0.0829	6.24081781233559
0.083	6.19224293015749
0.0831	6.14160841169941
0.0832	6.08839905392858
0.0833	6.03211129454737
0.0834	5.972471484051
0.0835	5.90951968734735
0.0836	5.84354989457543
0.0837	5.77497185851523
0.0838	5.70428435672901
0.0839	5.6320532166999
0.084	5.55893099709562
0.0841	5.48560135918771
0.0842	5.41270420283818
0.0843	5.34068908182451
0.0844	5.26979558610628
0.0845	5.2001375338083
0.0846	5.1318579927563
0.0847	5.06514481060567
0.0848	5.00015101356705
0.0849	4.93696259142632
0.085	4.87562139041305
0.0851	4.81626997938779
0.0852	4.7592598936715
0.0853	4.70519277500658
0.0854	4.65482150395904
0.0855	4.60893527767595
0.0856	4.56820920696779
0.0857	4.53304512977145
0.0858	4.50343168287946
0.0859	4.47887927638267
0.086	4.45857727217415
0.0861	4.44160801494225
0.0862	4.42701562916121
0.0863	4.41371257447487
0.0864	4.4005015472976
0.0865	4.38628140251655
0.0866	4.37022509313028
0.0867	4.35178086368161
0.0868	4.33062872540118
0.0869	4.3066552334756
0.087	4.27989552259722
0.0871	4.25046704195103
0.0872	4.21858243458998
0.0873	4.18462268535015
0.0874	4.14907624993833
0.0875	4.11245767598783
0.0876	4.07534129988889
0.0877	4.03850291458406
0.0878	4.00289901694848
0.0879	3.96945434049948
0.088	3.93888484369328
0.0881	3.91165694919172
0.0882	3.8881199053559
0.0883	3.86862711824154
0.0884	3.8535355305225
0.0885	3.84301620404359
0.0886	3.83694328494446
0.0887	3.83503301186457
0.0888	3.83707224097112
0.0889	3.842898143659
0.089	3.85215506513121
0.0891	3.86415538023743
0.0892	3.87794197204972
0.0893	3.89239823374998
0.0894	3.90635216013949
0.0895	3.91868154396838
0.0896	3.92835374018596
0.0897	3.93436767802948
0.0898	3.93578719822022
0.0899	3.9319532639698
0.09	3.92270717309211
0.0901	3.90841467377028
0.0902	3.88983382022467
0.0903	3.86795594807447
0.0904	3.84389255612023
0.0905	3.81880092735699
0.0906	3.79384108410373
0.0907	3.77005374987635
0.0908	3.74817157627135
0.0909	3.72845992458601
0.091	3.71078676312742
0.0911	3.69483492500369
0.0912	3.68026302811798
0.0913	3.6666702847039
0.0914	3.65352549342879
0.0915	3.64023483053317
0.0916	3.62625324805664
0.0917	3.61112227893227
0.0918	3.59445321823181
0.0919	3.57594792726312
0.092	3.55539850094812
0.0921	3.53263206175942
0.0922	3.507455531096
0.0923	3.47967390799633
0.0924	3.44914133545334
0.0925	3.41580120730553
0.0926	3.37978085481322
0.0927	3.34139827167407
0.0928	3.3010370538888
0.0929	3.25900218576184
0.093	3.21556568571971
0.0931	3.17103057854666
0.0932	3.12565956095566
0.0933	3.07949487444429
0.0934	3.03233218632031
0.0935	2.98382080770466
0.0936	2.93358860916236
0.0937	2.88136102414205
0.0938	2.8269667460911
0.0939	2.77026773415729
0.094	2.71110121714541
0.0941	2.64946768837953
0.0942	2.58576832911861
0.0943	2.52083589189774
0.0944	2.45563762534677
0.0945	2.39099410340584
0.0946	2.32755510173051
0.0947	2.26585317951325
0.0948	2.20639685737696
0.0949	2.14969886065037
0.095	2.09622800346708
0.0951	2.04622508288892
0.0952	1.99970108990806
0.0953	1.95671586060185
0.0954	1.91765899378262
0.0955	1.88311452348114
0.0956	1.85355386188078
0.0957	1.82923907526209
0.0958	1.81034769416261
0.0959	1.79703014481911
0.096	1.78937834925958
0.0961	1.78746919688346
0.0962	1.79137535319551
0.0963	1.80103897489625
0.0964	1.8161794904677
0.0965	1.83638928740982
0.0966	1.86129505669603
0.0967	1.89061024513578
0.0968	1.92408998560249
0.0969	1.96149782348059
0.097	2.00253798369782
0.0971	2.0468062658564
0.0972	2.09378659253178
0.0973	2.14289951161985
0.0974	2.19345435481816
0.0975	2.24459352749078
0.0976	2.29533169361132
0.0977	2.34474739519676
0.0978	2.39208031130463
0.0979	2.43668008414172
0.098	2.47794628760619
0.0981	2.51539640904189
0.0982	2.5488218895962
0.0983	2.578298065726
0.0984	2.60408402582378
0.0985	2.6264799241572
0.0986	2.64573857413485
0.0987	2.66203230509354
0.0988	2.6755158911793
0.0989	2.68635696803195
0.099	2.69466117142842
0.0991	2.70043747898318
0.0992	2.70375766831416
0.0993	2.70503258987385
0.0994	2.70512962457557
0.0995	2.70522522880743
0.0996	2.70652887376971
0.0997	2.71004652025183
0.0998	2.71642583625087
0.0999	2.72586848837776
0.1	2.73813634711714
0.1001	2.75268436857095
0.1002	2.7688841511917
0.1003	2.7862071203256
0.1004	2.80430469147744
0.1005	2.82295561829858
0.1006	2.84199038169607
0.1007	2.86122781204218
0.1008	2.8804180370459
0.1009	2.89911760556294
0.101	2.91657195698893
0.1011	2.93172743279797
0.1012	2.94341138956175
0.1013	2.95058027646385
0.1014	2.95245689789993
0.1015	2.9485618584955
0.1016	2.93874411641301
0.1017	2.92325766133926
0.1018	2.90279861725464
0.1019	2.87835260552292
0.102	2.85084762429203
0.1021	2.82077210078693
0.1022	2.78804088338268
0.1023	2.75217265378969
0.1024	2.7126160297363
0.1025	2.66896610221428
0.1026	2.62092294918195
0.1027	2.56825101476217
0.1028	2.51092805242048
0.1029	2.44942420190327
0.103	2.384692984499
0.1031	2.31786515210042
0.1032	2.24982523962744
0.1033	2.18096456758944
0.1034	2.11122592298844
0.1035	2.04031929208395
0.1036	1.96805681302681
0.1037	1.8944947290672
0.1038	1.81986143006024
0.1039	1.74439118717542
0.104	1.66838570606554
0.1041	1.59232176939381
0.1042	1.51685417279687
0.1043	1.44262285500938
0.1044	1.37012361495573
0.1045	1.29962082901363
0.1046	1.23112493396651
0.1047	1.16447389793316
0.1048	1.09942117851728
0.1049	1.03573074908341
0.105	0.973149242169313
0.1051	0.911396725015663
0.1052	0.850183493008501
0.1053	0.789306544353877
0.1054	0.728658469901625
0.1055	0.668173972620934
0.1056	0.607816709087423
0.1057	0.547574718325983
0.1058	0.487516394110202
0.1059	0.427811016434411
0.106	0.368762243842134
0.1061	0.310750740340424
0.1062	0.254148558591538
0.1063	0.199205887106373
0.1064	0.146075094888566
0.1065	0.0948996866088905
0.1066	0.0459139318778625
0.1067	-0.0006123879890083
0.1068	-0.0445226790554898
0.1069	-0.0858546492199679
0.107	-0.124780412891553
0.1071	-0.161383142857396
0.1072	-0.195544445375489
0.1073	-0.227061910540098
0.1074	-0.255862297963731
0.1075	-0.281954060344226
0.1076	-0.305186595453581
0.1077	-0.325135359396096
0.1078	-0.341244826232643
0.1079	-0.35306714779426
0.108	-0.360412332283653
0.1081	-0.363429640362825
0.1082	-0.36257711816914
0.1083	-0.358464765315616
0.1084	-0.35171362181968
0.1085	-0.342968935029035
0.1086	-0.33297593029118
0.1087	-0.32256272910884
0.1088	-0.3125581694307
0.1089	-0.303692350590948
0.109	-0.296476193813254
0.1091	-0.291118171703278
0.1092	-0.287580934331798
0.1093	-0.285757169210067
0.1094	-0.28559659973472
0.1095	-0.287117593063752
0.1096	-0.290362891826977
0.1097	-0.295362443335844
0.1098	-0.302119765712036
0.1099	-0.310589780981433
0.11	-0.32059738718314
0.1101	-0.331735459005522
0.1102	-0.343343589746501
0.1103	-0.354639924686671
0.1104	-0.364918403598407
0.1105	-0.373701327156743
0.1106	-0.380782574012347
0.1107	-0.386199290676526
0.1108	-0.390151435089225
0.1109	-0.392892901635202
0.111	-0.394611095645037
0.1111	-0.395347453007466
0.1112	-0.394998478318987
0.1113	-0.393393100788973
0.1114	-0.390385799343585
0.1115	-0.385911007801834
0.1116	-0.379983122594641
0.1117	-0.372652389727786
0.1118	-0.363958931226819
0.1119	-0.353969660808104
0.112	-0.342875238345643
0.1121	-0.331018405255358
0.1122	-0.318803236137109
0.1123	-0.306589229282691
0.1124	-0.294693740802765
0.1125	-0.283443622535998
0.1126	-0.27320185807754
0.1127	-0.264334118545429
0.1128	-0.257140012521917
0.1129	-0.251766401947192
0.113	-0.248194792203489
0.1131	-0.246342897042028
0.1132	-0.246206807040538
0.1133	-0.24791579591597
0.1134	-0.251663542881234
0.1135	-0.257560507672817
0.1136	-0.265499860973369
0.1137	-0.275116448189459
0.1138	-0.285866010153599
0.1139	-0.29715526695062
0.114	-0.308466099911431
0.1141	-0.319432215449934
0.1142	-0.329873291555842
0.1143	-0.339776496346444
0.1144	-0.349237647833482
0.1145	-0.358401438624719
0.1146	-0.367401857602978
0.1147	-0.376323338885888
0.1148	-0.38517259901354
0.1149	-0.393846596927412
0.115	-0.402074671994113
0.1151	-0.409382553574539
0.1152	-0.415109701452908
0.1153	-0.418498159435683
0.1154	-0.418840969747112
0.1155	-0.415659436847144
0.1156	-0.408805929104426
0.1157	-0.39843519372619
0.1158	-0.384899059021976
0.1159	-0.368671184094261
0.116	-0.350304296222816
0.1161	-0.330381883285618
0.1162	-0.309433947061507
0.1163	-0.287880229573581
0.1164	-0.266009068357469
0.1165	-0.244017792475688
0.1166	-0.222126020609231
0.1167	-0.200682450351444
0.1168	-0.180210721965654
0.1169	-0.16134231483154
0.117	-0.144707169819828
0.1171	-0.130819969700617
0.1172	-0.120005422142651
0.1173	-0.112331080583307
0.1174	-0.107561644968726
0.1175	-0.105169301597292
0.1176	-0.104458639996935
0.1177	-0.104753336151846
0.1178	-0.105520681074705
0.1179	-0.106377504041202
0.118	-0.107065553512219
0.1181	-0.107473154981721
0.1182	-0.107646996438822
0.1183	-0.10771106216553
0.1184	-0.107730992131258
0.1185	-0.107625128668572
0.1186	-0.107165449193688
0.1187	-0.106057940155826
0.1188	-0.104069437496781
0.1189	-0.101123900319013
0.119	-0.0972951210285862
0.1191	-0.0927125573085972
0.1192	-0.0874751554107638
0.1193	-0.0816281281420999
0.1194	-0.0751934260968952
0.1195	-0.0682005563662855
0.1196	-0.0606851866082909
0.1197	-0.0526382430461592
0.1198	-0.0439545111135118
0.1199	-0.0344449375239524
0.12	-0.023944432992316
0.1201	-0.0124567803227595
0.1202	-0.000222681135094
0.1203	0.0123219660029381
0.1204	0.0246750704476248
0.1205	0.03639795393374
0.1206	0.0471929695796938
0.1207	0.0568874490553135
0.1208	0.065388426926873
0.1209	0.0726976458804955
0.121	0.0789987297811363
0.1211	0.0847102183819404
0.1212	0.0903998773775276
0.1213	0.0966182053651625
0.1214	0.103755904413291
0.1215	0.111990802342065
0.1216	0.121315846871338
0.1217	0.131619358995898
0.1218	0.142737788342714
0.1219	0.154443078950655
0.122	0.166392341355662
0.1221	0.178137672716446
0.1222	0.189204514092268
0.1223	0.199162687411881
0.1224	0.207649887531089
0.1225	0.214353461180655
0.1226	0.219013206983861
0.1227	0.221452074896373
0.1228	0.221608757954039
0.1229	0.21953552025235
0.123	0.215359829674008
0.1231	0.20921111446223
0.1232	0.201147802460675
0.1233	0.191146088856144
0.1234	0.179185819857823
0.1235	0.165336939873441
0.1236	0.149754635781761
0.1237	0.13259318443323
0.1238	0.113965399307265
0.1239	0.093977625191485
0.124	0.0728109479464329
0.1241	0.0507546580490157
0.1242	0.0281849162072625
0.1243	0.0054888266190147
0.1244	-0.0169968259134983
0.1245	-0.0389839662469811
0.1246	-0.0602178620896296
0.1247	-0.0804632048223191
0.1248	-0.0995263279894658
0.1249	-0.117268146152099
0.125	-0.133616432547569
0.1251	-0.14854329888642
0.1252	-0.16201317901147
0.1253	-0.173915258614622
0.1254	-0.184057100353799
0.1255	-0.192248367565308
0.1256	-0.198394838134678
0.1257	-0.202543865683935
0.1258	-0.20485644994997
0.1259	-0.205557344004508
0.126	-0.204885779519885
0.1261	-0.203091092103669
0.1262	-0.200477085920887
0.1263	-0.197414258177258
0.1264	-0.194243360272173
0.1265	-0.191129934261389
0.1266	-0.188009887363317
0.1267	-0.184699423570225
0.1268	-0.18106170936966
0.1269	-0.177085210364729
0.127	-0.172847561931916
0.1271	-0.168465210473087
0.1272	-0.164102580819153
0.1273	-0.160002862381413
0.1274	-0.156472722666669
0.1275	-0.153791878986441
0.1276	-0.15209888877237
0.1277	-0.1513255613994
0.1278	-0.1512478312928
0.1279	-0.151615871734226
0.128	-0.152254170115206
0.1281	-0.153083606906414
0.1282	-0.154119685648721
0.1283	-0.15549688051483
0.1284	-0.15749009143023
0.1285	-0.160489470710646
0.1286	-0.164920106979459
0.1287	-0.171129202590429
0.1288	-0.179282444273589
0.1289	-0.189329933452932
0.129	-0.201073022394294
0.1291	-0.214255960677001
0.1292	-0.228603611881478
0.1293	-0.243769555261363
0.1294	-0.259334985154108
0.1295	-0.274906792634361
0.1296	-0.290231606769986
0.1297	-0.305218415927619
0.1298	-0.319863195546212
0.1299	-0.334137971016933
0.13	-0.347895823994047
0.1301	-0.360876598465863
0.1302	-0.372779307108795
0.1303	-0.383364197587113
0.1304	-0.392487194220703
0.1305	-0.400072711527251
0.1306	-0.406108113768587
0.1307	-0.410699727848464
0.1308	-0.414114902776962
0.1309	-0.416714790722149
0.131	-0.418803947138086
0.1311	-0.420505655977456
0.1312	-0.421753130273389
0.1313	-0.422378853244672
0.1314	-0.422225749701875
0.1315	-0.421207367043544
0.1316	-0.419296555347042
0.1317	-0.416499733019472
0.1318	-0.412883255737262
0.1319	-0.408616221778634
0.132	-0.403947616751299
0.1321	-0.399105298169867
0.1322	-0.394216012382521
0.1323	-0.389306699849198
0.1324	-0.384354325033111
0.1325	-0.379331581128938
0.1326	-0.374225092629082
0.1327	-0.368997636292677
0.1328	-0.363534924602401
0.1329	-0.357654457582683
0.133	-0.351220513312084
0.1331	-0.344261497697078
0.1332	-0.33695404280917
0.1333	-0.329483956571856
0.1334	-0.321925056965007
0.1335	-0.314247176093506
0.1336	-0.306399159447892
0.1337	-0.298378802374131
0.1338	-0.290218706951274
0.1339	-0.281938987088362
0.134	-0.273536008934311
0.1341	-0.265022557101039
0.1342	-0.256473102795272
0.1343	-0.248016717667381
0.1344	-0.239785037894221
0.1345	-0.231855097509072
0.1346	-0.224262046532985
0.1347	-0.217038681907743
0.1348	-0.210232973664684
0.1349	-0.203894296563826
0.135	-0.198063090328505
0.1351	-0.192774937220739
0.1352	-0.188055990468864
0.1353	-0.183910850388651
0.1354	-0.180316899561451
0.1355	-0.177240164934763
0.1356	-0.174634532391178
0.1357	-0.172428778161506
0.1358	-0.170533315762634
0.1359	-0.168877800265767
0.136	-0.16745349860893
0.1361	-0.166325571643445
0.1362	-0.165599962244135
0.1363	-0.165363214487266
0.1364	-0.165652206704429
0.1365	-0.166480890954168
0.1366	-0.167888604102904
0.1367	-0.169947743471503
0.1368	-0.172718193904932
0.1369	-0.176189550468584
0.137	-0.180255316980816
0.1371	-0.184753301494228
0.1372	-0.189542428441412
0.1373	-0.194551310082343
0.1374	-0.199732698847057
0.1375	-0.204961322885018
0.1376	-0.209983561192154
0.1377	-0.214472365735971
0.1378	-0.218132541346724
0.1379	-0.220756872955858
0.138	-0.222193243330343
0.1381	-0.22225716929359
0.1382	-0.220692259576174
0.1383	-0.217228722100389
0.1384	-0.211697344509638
0.1385	-0.204106025502998
0.1386	-0.194624165160503
0.1387	-0.183510731285555
0.1388	-0.171081286497873
0.1389	-0.157711385708279
0.139	-0.143844375692524
0.1391	-0.129933453326259
0.1392	-0.116363284052323
0.1393	-0.103395942509522
0.1394	-0.0911546703074073
0.1395	-0.0796613581217045
0.1396	-0.0689258575482441
0.1397	-0.0590321492839738
0.1398	-0.0501318911618736
0.1399	-0.0423947499568644
0.14	-0.0359534036597395
0.1401	-0.0308745194398421
0.1402	-0.0271457446843915
0.1403	-0.0246858278985425
0.1404	-0.0233816813286603
0.1405	-0.0231226278907621
0.1406	-0.0238026222449998
0.1407	-0.0253073391129037
0.1408	-0.0275244129488232
0.1409	-0.0303764879003943
0.141	-0.0338434338296221
0.1411	-0.0379550694324715
0.1412	-0.0427705248290513
0.1413	-0.048362319403056
0.1414	-0.0547914940428367
0.1415	-0.0620756359884815
0.1416	-0.0701472369431553
0.1417	-0.0788438636042113
0.1418	-0.0879405630528769
0.1419	-0.0972139626975466
0.142	-0.106507867619616
0.1421	-0.115767830455377
0.1422	-0.125031517021561
0.1423	-0.134378642430269
0.1424	-0.143894594743344
0.1425	-0.153650150890325
0.1426	-0.163716549712749
0.1427	-0.17417314336496
0.1428	-0.185078083304717
0.1429	-0.196414129320004
0.143	-0.208058608065045
0.1431	-0.21981386970117
0.1432	-0.231466933450971
0.1433	-0.242845447885463
0.1434	-0.253799589199666
0.1435	-0.264163171378179
0.1436	-0.273744368296434
0.1437	-0.282374128885074
0.1438	-0.289969249080791
0.1439	-0.296541617569838
0.144	-0.302135038089086
0.1441	-0.306745749768008
0.1442	-0.310318391176784
0.1443	-0.312813179288062
0.1444	-0.314284256623779
0.1445	-0.314884410616361
0.1446	-0.314799371747739
0.1447	-0.314182048156425
0.1448	-0.313140319790774
0.1449	-0.311764800760007
0.145	-0.310142381407255
0.1451	-0.308318980733834
0.1452	-0.306243668256383
0.1453	-0.303751014404498
0.1454	-0.300605259630182
0.1455	-0.296572619886231
0.1456	-0.291476852667099
0.1457	-0.285212124365742
0.1458	-0.277717253237753
0.1459	-0.268928942812376
0.146	-0.25877707240674
0.1461	-0.247220442753875
0.1462	-0.234295409226831
0.1463	-0.220140946746053
0.1464	-0.204988554613529
0.1465	-0.189135033176367
0.1466	-0.172922092354739
0.1467	-0.156740979471458
0.1468	-0.14099403961519
0.1469	-0.126040549154283
0.147	-0.112119234734426
0.1471	-0.0993139449117493
0.1472	-0.0875826882552744
0.1473	-0.076820564512051
0.1474	-0.0669027756575122
0.1475	-0.0576856221398057
0.1476	-0.04900858092644
0.1477	-0.0407188312724696
0.1478	-0.0327348619500825
0.1479	-0.0250722278419033
0.148	-0.017799851427089
0.1481	-0.0109521408609918
0.1482	-0.0044742293208024
0.1483	0.001749561905747
0.1484	0.0078166444852332
0.1485	0.0137449631129787
0.1486	0.019476116814209
0.1487	0.024898660475162
0.1488	0.0298721107806319
0.1489	0.0342415188016805
0.149	0.0378545218961914
0.1491	0.0405877371059375
0.1492	0.0423776538400307
0.1493	0.0432392370749081
0.1494	0.0432595324063405
0.1495	0.042576621496403
0.1496	0.0413573218949441
0.1497	0.0397772704868085
0.1498	0.0379988189513574
0.1499	0.0361561704777174
0.15	0.034353911266177
0.1501	0
0.1502	0
0.1503	0
0.1504	0
0.1505	0
0.1506	0
0.1507	0
0.1508	0
0.1509	0
0.151	0
0.1511	0
0.1512	0
0.1513	0
0.1514	0
0.1515	0
0.1516	0
0.1517	0
0.1518	0
0.1519	0
0.152	0
0.1521	0
0.1522	0
0.1523	0
0.1524	0
0.1525	0
0.1526	0
0.1527	0
0.1528	0
0.1529	0
0.153	0
0.1531	0
0.1532	0
0.1533	0
0.1534	0
0.1535	0
0.1536	0
0.1537	0
0.1538	0
0.1539	0
0.154	0
0.1541	0
0.1542	0
0.1543	0
0.1544	0
0.1545	0
0.1546	0
0.1547	0
0.1548	0
0.1549	0
0.155	0
0.1551	0
0.1552	0
0.1553	0
0.1554	0
0.1555	0
0.1556	0
0.1557	0
0.1558	0
0.1559	0
0.156	0
0.1561	0
0.1562	0
0.1563	0
0.1564	0
0.1565	0
0.1566	0
0.1567	0
0.1568	0
0.1569	0
0.157	0
0.1571	0
0.1572	0
0.1573	0
0.1574	0
0.1575	0
0.1576	0
0.1577	0
0.1578	0
0.1579	0
0.158	0
0.1581	0
0.1582	0
0.1583	0
0.1584	0
0.1585	0
0.1586	0
0.1587	0
0.1588	0
0.1589	0
0.159	0
0.1591	0
0.1592	0
0.1593	0
0.1594	0
0.1595	0
0.1596	0
0.1597	0
0.1598	0
0.1599	0
0.16	0
0.1601	0
0.1602	0
0.1603	0
0.1604	0
0.1605	0
0.1606	0
0.1607	0
0.1608	0
0.1609	0
0.161	0
0.1611	0
0.1612	0
0.1613	0
0.1614	0
0.1615	0
0.1616	0
0.1617	0
0.1618	0
0.1619	0
0.162	0
0.1621	0
0.1622	0
0.1623	0
0.1624	0
0.1625	0
0.1626	0
0.1627	0
0.1628	0
0.1629	0
0.163	0
0.1631	0
0.1632	0
0.1633	0
0.1634	0
0.1635	0
0.1636	0
0.1637	0
0.1638	0
0.1639	0
0.164	0
0.1641	0
0.1642	0
0.1643	0
0.1644	0
0.1645	0
0.1646	0
0.1647	0
0.1648	0
0.1649	0
0.165	0
0.1651	0
0.1652	0
0.1653	0
0.1654	0
0.1655	0
0.1656	0
0.1657	0
0.1658	0
0.1659	0
0.166	0
0.1661	0
0.1662	0
0.1663	0
0.1664	0
0.1665	0
0.1666	0
0.1667	0
0.1668	0
0.1669	0
0.167	0
0.1671	0
0.1672	0
0.1673	0
0.1674	0
0.1675	0
0.1676	0
0.1677	0
0.1678	0
0.1679	0
0.168	0
0.1681	0
0.1682	0
0.1683	0
0.1684	0
0.1685	0
0.1686	0
0.1687	0
0.1688	0
0.1689	0
0.169	0
0.1691	0
0.1692	0
0.1693	0
0.1694	0
0.1695	0
0.1696	0
0.1697	0
0.1698	0
0.1699	0
0.17	0
0.1701	0
0.1702	0
0.1703	0
0.1704	0
0.1705	0
0.1706	0
0.1707	0
0.1708	0
0.1709	0
0.171	0
0.1711	0
0.1712	0
0.1713	0
0.1714	0
0.1715	0
0.1716	0
0.1717	0
0.1718	0
0.1719	0
0.172	0
0.1721	0
0.1722	0
0.1723	0
0.1724	0
0.1725	0
0.1726	0
0.1727	0
0.1728	0
0.1729	0
0.173	0
0.1731	0
0.1732	0
0.1733	0
0.1734	0
0.1735	0
0.1736	0
0.1737	0
0.1738	0
0.1739	0
0.174	0
0.1741	0
0.1742	0
0.1743	0
0.1744	0
0.1745	0
0.1746	0
0.1747	0
0.1748	0
0.1749	0
0.175	0
0.1751	0
0.1752	0
0.1753	0
0.1754	0
0.1755	0
0.1756	0
0.1757	0
0.1758	0
0.1759	0
0.176	0
0.1761	0
0.1762	0
0.1763	0
0.1764	0
0.1765	0
0.1766	0
0.1767	0
0.1768	0
0.1769	0
0.177	0
0.1771	0
0.1772	0
0.1773	0
0.1774	0
0.1775	0
0.1776	0
0.1777	0
0.1778	0
0.1779	0
0.178	0
0.1781	0
0.1782	0
0.1783	0
0.1784	0
0.1785	0
0.1786	0
0.1787	0
0.1788	0
0.1789	0
0.179	0
0.1791	0
0.1792	0
0.1793	0
0.1794	0
0.1795	0
0.1796	0
0.1797	0
0.1798	0
0.1799	0
0.18	0
0.1801	0
0.1802	0
0.1803	0
0.1804	0
0.1805	0
0.1806	0
0.1807	0
0.1808	0
0.1809	0
0.181	0
0.1811	0
0.1812	0
0.1813	0
0.1814	0
0.1815	0
0.1816	0
0.1817	0
0.1818	0
0.1819	0
0.182	0
0.1821	0
0.1822	0
0.1823	0
0.1824	0
0.1825	0
0.1826	0
0.1827	0
0.1828	0
0.1829	0
0.183	0
0.1831	0
0.1832	0
0.1833	0
0.1834	0
0.1835	0
0.1836	0
0.1837	0
0.1838	0
0.1839	0
0.184	0
0.1841	0
0.1842	0
0.1843	0
0.1844	0
0.1845	0
0.1846	0
0.1847	0
0.1848	0
0.1849	0
0.185	0
0.1851	0
0.1852	0
0.1853	0
0.1854	0
0.1855	0
0.1856	0
0.1857	0
0.1858	0
0.1859	0
0.186	0
0.1861	0
0.1862	0
0.1863	0
0.1864	0
0.1865	0
0.1866	0
0.1867	0
0.1868	0
0.1869	0
0.187	0
0.1871	0
0.1872	0
0.1873	0
0.1874	0
0.1875	0
0.1876	0
0.1877	0
0.1878	0
0.1879	0
0.188	0
0.1881	0
0.1882	0
0.1883	0
0.1884	0
0.1885	0
0.1886	0
0.1887	0
0.1888	0
0.1889	0
0.189	0
0.1891	0
0.1892	0
0.1893	0
0.1894	0
0.1895	0
0.1896	0
0.1897	0
0.1898	0
0.1899	0
0.19	0
0.1901	0
0.1902	0
0.1903	0
0.1904	0
0.1905	0
0.1906	0
0.1907	0
0.1908	0
0.1909	0
0.191	0
0.1911	0
0.1912	0
0.1913	0
0.1914	0
0.1915	0
0.1916	0
0.1917	0
0.1918	0
0.1919	0
0.192	0
0.1921	0
0.1922	0
0.1923	0
0.1924	0
0.1925	0
0.1926	0
0.1927	0
0.1928	0
0.1929	0
0.193	0
0.1931	0
0.1932	0
0.1933	0
0.1934	0
0.1935	0
0.1936	0
0.1937	0
0.1938	0
0.1939	0
0.194	0
0.1941	0
0.1942	0
0.1943	0
0.1944	0
0.1945	0
0.1946	0
0.1947	0
0.1948	0
0.1949	0
0.195	0
0.1951	0
0.1952	0
0.1953	0
0.1954	0
0.1955	0
0.1956	0
0.1957	0
0.1958	0
0.1959	0
0.196	0
0.1961	0
0.1962	0
0.1963	0
0.1964	0
0.1965	0
0.1966	0
0.1967	0
0.1968	0
0.1969	0
0.197	0
0.1971	0
0.1972	0
0.1973	0
0.1974	0
0.1975	0
0.1976	0
0.1977	0
0.1978	0
0.1979	0
0.198	0
0.1981	0
0.1982	0
0.1983	0
0.1984	0
0.1985	0
0.1986	0
0.1987	0
0.1988	0
0.1989	0
0.199	0
0.1991	0
0.1992	0
0.1993	0
0.1994	0
0.1995	0
0.1996	0
0.1997	0
0.1998	0
0.1999	0
0.2	0
