0	-0.209186055
0.0005	-0.159116126
0.001	-0.144713175
0.0015	-0.153921491
0.002	-0.151415644
0.0025	-0.136130093
0.003	-0.127709021
0.0035	-0.136020202
0.004	-0.150457772
0.0045	-0.126638759
0.005	-0.005836377
0.0055	0.235169932
0.006	0.605455115
0.0065	1.105614706
0.007	1.745796092
0.0075	2.520148332
0.008	3.354458267
0.0085	4.154565872
0.009	4.824608667
0.0095	5.294301897
0.01	5.577329362
0.0105	5.731967252
0.011	5.809652118
0.0115	5.828311855
0.012	5.751820785
0.0125	5.543549663
0.013	5.228679735
0.0135	4.881289974
0.014	4.551833145
0.0145	4.285800924
0.015	4.13070891
0.0155	4.108404479
0.016	4.193507022
0.0165	4.336055586
0.017	4.500441477
0.0175	4.670592038
0.018	4.863404162
0.0185	5.122108589
0.019	5.481313736
0.0195	5.940090252
0.02	6.459185099
0.0205	6.998198789
0.021	7.527552903
0.0215	8.011347344
0.022	8.38602911
0.0225	8.61325793
0.023	8.729257683
0.0235	8.78393585
0.024	8.801411076
0.0245	8.774895554
0.025	8.696390706
0.0255	8.584918146
0.026	8.4767505
0.0265	8.394822631
0.027	8.326687846
0.0275	8.247184142
0.028	8.141231442
0.0285	8.033311479
0.029	7.966570931
0.0295	7.944618407
0.03	7.941809286
0.0305	7.920163152
0.031	7.839469511
0.0315	7.678876134
0.032	7.452082249
0.0325	7.181806581
0.033	6.874255453
0.0335	6.53831547
0.034	6.198309544
0.0345	5.898888747
0.035	5.672775699
0.0355	5.514008339
0.036	5.390057612
0.0365	5.281144169
0.037	5.191606678
0.0375	5.137885971
0.038	5.128706911
0.0385	5.158941773
0.039	5.217771193
0.0395	5.303856721
0.04	5.424425489
0.0405	5.573423934
0.041	5.725488906
0.0415	5.859547258
0.042	5.971140689
0.0425	6.067858425
0.043	6.172623136
0.0435	6.306765099
0.044	6.469601042
0.0445	6.633791749
0.045	6.761669127
0.0455	6.842783849
0.046	6.898283099
0.0465	6.941370062
0.047	6.949982514
0.0475	6.926708597
0.048	6.906484908
0.0485	6.923584432
0.049	6.990102057
0.0495	7.095354865
0.05	7.219804731
0.0505	7.350043917
0.051	7.473007721
0.0515	7.586433483
0.052	7.691242969
0.0525	7.775725146
0.053	7.833172525
0.0535	7.868100454
0.054	7.896698567
0.0545	7.924904918
0.055	7.937681174
0.0555	7.914926042
0.056	7.84552448
0.0565	7.728700055
0.057	7.59478773
0.0575	7.489313266
0.058	7.436033235
0.0585	7.42740535
0.059	7.446114834
0.0595	7.489009627
0.06	7.567774031
0.0605	7.693060801
0.061	7.866949969
0.0615	8.079648586
0.062	8.319818697
0.0625	8.584911257
0.063	8.879012515
0.0635	9.204476603
0.064	9.552460999
0.0645	9.900129388
0.065	10.21927829
0.0655	10.49016383
0.066	10.71017374
0.0665	10.89046507
0.067	11.03901094
0.0675	11.1544558
0.068	11.2414293
0.0685	11.31580017
0.069	11.39430504
0.0695	11.4819317
0.07	11.57729817
0.0705	11.68694577
0.071	11.82280459
0.0715	12.00011312
0.072	12.22727521
0.0725	12.49782283
0.073	12.80199017
0.0735	13.13527896
0.074	13.50056831
0.0745	13.90360318
0.075	14.33669206
0.0755	14.77140821
0.076	15.1704112
0.0765	15.50361025
0.077	15.76428447
0.0775	15.95959969
0.078	16.09158886
0.0785	16.16029552
0.079	16.17469907
0.0795	16.15771202
0.08	16.12737956
0.0805	16.09138537
0.081	16.05529009
0.0815	16.02930817
0.082	16.0370525
0.0825	16.10384535
0.083	16.24692827
0.0835	16.47051693
0.084	16.76927773
0.0845	17.13343638
0.085	17.54976092
0.0855	17.9984119
0.086	18.45633486
0.0865	18.90423506
0.087	19.32847035
0.0875	19.71647661
0.088	20.05900842
0.0885	20.35346979
0.089	20.59902234
0.0895	20.7963987
0.09	20.94122036
0.0905	21.03009429
0.091	21.07169872
0.0915	21.08279353
0.092	21.07315609
0.0925	21.04417069
0.093	20.99345134
0.0935	20.92553048
0.094	20.85352395
0.0945	20.7888306
0.095	20.73316182
0.0955	20.68159469
0.096	20.62871789
0.0965	20.56964583
0.097	20.49582993
0.0975	20.39767309
0.098	20.27077481
0.0985	20.11828357
0.099	19.94812895
0.0995	19.76755142
0.1	19.58290179
0.1005	19.39602634
0.101	19.20320453
0.1015	18.99711334
0.102	18.77012172
0.1025	18.52719013
0.103	18.28538626
0.1035	18.05751435
0.104	17.84192564
0.1045	17.62934984
0.105	17.41548296
0.1055	17.20573029
0.106	17.00388541
0.1065	16.80814712
0.107	16.61042877
0.1075	16.40212576
0.108	16.1734996
0.1085	15.91225358
0.109	15.60551178
0.1095	15.24328013
0.11	14.8221274
0.1105	14.34538997
0.111	13.81986193
0.1115	13.25036355
0.112	12.64355667
0.1125	12.01258054
0.113	11.37111228
0.1135	10.72852958
0.114	10.0897328
0.1145	9.453924767
0.115	8.814105316
0.1155	8.15680916
0.116	7.465267531
0.1165	6.714151247
0.117	5.879180727
0.1175	4.971631788
0.118	4.053323617
0.1185	3.194640305
0.119	2.424269029
0.1195	1.718315607
0.12	1.051093609
0.1205	0.439543642
0.121	-0.076264992
0.1215	-0.478864166
0.122	-0.789927813
0.1225	-1.046037456
0.123	-1.266150983
0.1235	-1.4467627
0.124	-1.581963094
0.1245	-1.681898062
0.125	-1.762182098
0.1255	-1.829118917
0.126	-1.876413275
0.1265	-1.899486812
0.127	-1.910809554
0.1275	-1.936339174
0.128	-1.996931802
0.1285	-2.102010277
0.129	-2.24575856
0.1295	-2.410911236
0.13	-2.589502838
0.1305	-2.77458895
0.131	-2.947368756
0.1315	-3.081596154
0.132	-3.159597736
0.1325	-3.181123623
0.133	-3.163102913
0.1335	-3.126211045
0.134	-3.077708228
0.1345	-3.013965412
0.135	-2.933911233
0.1355	-2.838586202
0.136	-2.729441119
0.1365	-2.608495476
0.137	-2.489022652
0.1375	-2.394498177
0.138	-2.342598197
0.1385	-2.329998983
0.139	-2.345289365
0.1395	-2.372887113
0.14	-2.398913569
0.1405	-2.408068973
0.141	-2.380954443
0.1415	-2.299264333
0.142	-2.150303184
0.1425	-1.92568447
0.143	-1.624646958
0.1435	-1.262847254
0.144	-0.866605075
0.1445	-0.468373918
0.145	-0.099391397
0.1455	0.225255229
0.146	0.502655596
0.1465	0.733794956
0.147	0.913848192
0.1475	1.030784767
0.148	1.086054693
0.1485	1.097611443
0.149	1.085003977
0.1495	1.062581083
0.15	1.038395307
0.1505	1.014565091
0.151	1.006511858
0.1515	1.025059714
0.152	1.063309879
0.1525	1.110505777
0.153	1.147270255
0.1535	1.164823738
0.154	1.161808217
0.1545	1.135931052
0.155	1.090553639
0.1555	1.021094977
0.156	0.92056826
0.1565	0.792401047
0.157	0.637832459
0.1575	0.456534081
0.158	0.258107096
0.1585	0.05742809
0.159	-0.125751602
0.1595	-0.275547925
0.16	-0.394192186
0.1605	-0.499657685
0.161	-0.603238599
0.1615	-0.702246723
0.162	-0.776823963
0.1625	-0.811229696
0.163	-0.810941459
0.1635	-0.789865165
0.164	-0.755643375
0.1645	-0.708003363
0.165	-0.640665833
0.1655	-0.562969376
0.166	-0.493190646
0.1665	-0.442313984
0.167	-0.41183163
0.1675	-0.396194704
0.168	-0.393612506
0.1685	-0.408355245
0.169	-0.43401559
0.1695	-0.456796452
0.17	-0.462059844
0.1705	-0.44732732
0.171	-0.429864376
0.1715	-0.425297353
0.172	-0.435503997
0.1725	-0.45261633
0.173	-0.470078678
0.1735	-0.492502613
0.174	-0.530342938
0.1745	-0.582046358
0.175	-0.629986923
0.1755	-0.653936101
0.176	-0.654168265
0.1765	-0.643973407
0.177	-0.630101405
0.1775	-0.608100019
0.178	-0.576740054
0.1785	-0.540473045
0.179	-0.505934082
0.1795	-0.476934158
0.18	-0.451448254
0.1805	-0.425897472
0.181	-0.407241227
0.1815	-0.406023813
0.182	-0.418759237
0.1825	-0.433839829
0.183	-0.444901058
0.1835	-0.456548338
0.184	-0.477056602
0.1845	-0.506646153
0.185	-0.540999004
0.1855	-0.57287301
0.186	-0.59405944
0.1865	-0.603253021
0.187	-0.601651535
0.1875	-0.587383955
0.188	-0.556357309
0.1885	-0.506406787
0.189	-0.442846624
0.1895	-0.37329565
0.19	-0.304941865
0.1905	-0.244063998
0.191	-0.193366379
0.1915	-0.152142031
0.192	-0.123452328
0.1925	-0.110608064
0.193	-0.116713927
0.1935	-0.13995685
0.194	-0.17148818
0.1945	-0.204273829
0.195	-0.237150926
0.1955	-0.27390313
0.196	-0.318781331
0.1965	-0.368794272
0.197	-0.416868866
0.1975	-0.457076417
0.198	-0.488139567
0.1985	-0.508645336
0.199	-0.51361526
0.1995	-0.498350973
0.2	-0.0
