0	0
0.0001	-0.197514116479075
0.0002	-0.186414583987534
0.0003	-0.176168189878195
0.0004	-0.16699622488281
0.0005	-0.159116120934102
0.0006	-0.152766587042086
0.0007	-0.148156239774654
0.0008	-0.145374327603955
0.0009	-0.14432401956345
0.001	-0.144713177944733
0.0011	-0.146114498488561
0.0012	-0.148076935433809
0.0013	-0.150220051331786
0.0014	-0.152250693142005
0.0015	-0.15392148474493
0.0016	-0.155006289695883
0.0017	-0.155329599950001
0.0018	-0.154811158423272
0.0019	-0.153474450602114
0.002	-0.151415648188541
0.0021	-0.148773325242948
0.0022	-0.145721107335717
0.0023	-0.142460794933755
0.0024	-0.139201257339462
0.0025	-0.136130092944387
0.0026	-0.133394703455613
0.0027	-0.131101922721329
0.0028	-0.129335282914074
0.0029	-0.128176823018803
0.003	-0.127709016278449
0.0031	-0.127990573223778
0.0032	-0.129030303446284
0.0033	-0.130780861180263
0.0034	-0.133150934041155
0.0035	-0.136020195248201
0.0036	-0.139238419226256
0.0037	-0.142604947052449
0.0038	-0.145847795361569
0.0039	-0.148612680312007
0.004	-0.150457766681652
0.0041	-0.150860741740056
0.0042	-0.149252066766259
0.0043	-0.145053378969094
0.0044	-0.137694088203783
0.0045	-0.126638757672434
0.0046	-0.111455621027817
0.0047	-0.0918782048766385
0.0048	-0.067790260301142
0.0049	-0.0391370380264746
0.005	-0.0058363766933454
0.0051	0.032250302225491
0.0052	0.0752870377780521
0.0053	0.123410566644266
0.0054	0.1766977737723
0.0055	0.235169935929057
0.0056	0.298822060972366
0.0057	0.367657832448763
0.0058	0.441699919984415
0.0059	0.520967185414899
0.006	0.605455115397923
0.0061	0.695134213423219
0.0062	0.789967425375599
0.0063	0.889940074728022
0.0064	0.995104012523435
0.0065	1.10561475055163
0.0066	1.22171799676333
0.0067	1.3436742045418
0.0068	1.47166764980922
0.0069	1.60574673733566
0.007	1.74579613626768
0.0071	1.89152984976411
0.0072	2.04248352085184
0.0073	2.19804450734837
0.0074	2.35751247047588
0.0075	2.52014831469339
0.0076	2.6851954722733
0.0077	2.85189564062884
0.0078	3.01949965701521
0.0079	3.18727080317523
0.008	3.35445817453371
0.0081	3.52029169617734
0.0082	3.68398802872377
0.0083	3.84477516646707
0.0084	4.00188873604447
0.0085	4.15456606512606
0.0086	4.3020492101697
0.0087	4.44356042931494
0.0088	4.5782995839969
0.0089	4.7055113567747
0.009	4.82460876291162
0.0091	4.93526179731769
0.0092	5.03739622680079
0.0093	5.1311177893314
0.0094	5.21665297808975
0.0095	5.29430172961378
0.0096	5.36439435358077
0.0097	5.42728263530687
0.0098	5.48337405551695
0.0099	5.53318359907381
0.01	5.57732924886572
0.0101	5.61645092706182
0.0102	5.65109955822547
0.0103	5.6816882500223
0.0104	5.7085375712348
0.0105	5.73196747903747
0.0106	5.75233274434988
0.0107	5.76999418224542
0.0108	5.78528257057535
0.0109	5.79846094641235
0.011	5.80965233425458
0.0111	5.81877948557366
0.0112	5.82557727833064
0.0113	5.82968043056486
0.0114	5.83071136432812
0.0115	5.82831192090399
0.0116	5.82212494438037
0.0117	5.81177707133504
0.0118	5.79687030311122
0.0119	5.77700143892979
0.012	5.75182059195821
0.0121	5.72110507582729
0.0122	5.68478527073783
0.0123	5.64293509005321
0.0124	5.5957485972132
0.0125	5.54354963712063
0.0126	5.48683358185692
0.0127	5.42625179155688
0.0128	5.36254861607328
0.0129	5.29646425809711
0.013	5.22867983972296
0.0131	5.15978295447417
0.0132	5.09024185911008
0.0133	5.02042562797208
0.0134	4.95066423437965
0.0135	4.88129020140232
0.0136	4.81263029994528
0.0137	4.74500513779044
0.0138	4.67874898083101
0.0139	4.61422899488385
0.014	4.55183294306624
0.0141	4.4919492366951
0.0142	4.43498330538575
0.0143	4.38136096828952
0.0144	4.33150327553068
0.0145	4.28580075711185
0.0146	4.24461521570848
0.0147	4.20827108780101
0.0148	4.17704248562096
0.0149	4.15114351479591
0.015	4.13070911664439
0.0151	4.11578231865569
0.0152	4.10629703701054
0.0153	4.10208130135769
0.0154	4.10288477309564
0.0155	4.10840465879006
0.0156	4.11829858533654
0.0157	4.1321860345608
0.0158	4.1496478642777
0.0159	4.17023972717101
0.016	4.19350701305106
0.0161	4.21900304711111
0.0162	4.24631822380259
0.0163	4.27511017184507
0.0164	4.30509898612108
0.0165	4.33605578383666
0.0166	4.36780127305989
0.0167	4.40021528994646
0.0168	4.4332100959453
0.0169	4.46667411024531
0.017	4.50044123875887
0.0171	4.53433392711447
0.0172	4.56822709317958
0.0173	4.60211167600763
0.0174	4.63613263383438
0.0175	4.67059180541643
0.0176	4.70589688892902
0.0177	4.74246988776543
0.0178	4.78068941210038
0.0179	4.8208935411017
0.018	4.86340414150126
0.0181	4.90854221232572
0.0182	4.95663606322943
0.0183	5.00803249658224
0.0184	5.0630877115269
0.0185	5.1221087931555
0.0186	5.18530841237212
0.0187	5.25280625837227
0.0188	5.32465382918777
0.0189	5.40084683158532
0.019	5.48131373928109
0.0191	5.56591149990268
0.0192	5.65441860639822
0.0193	5.74653890276778
0.0194	5.84190170600799
0.0195	5.94009025861623
0.0196	6.04067969654306
0.0197	6.14325516929038
0.0198	6.24742280795661
0.0199	6.35282879685354
0.02	6.45918512460319
0.0201	6.56627196839085
0.0202	6.67390955972991
0.0203	6.78191802336435
0.0204	6.89009825219058
0.0205	6.99819885109924
0.0206	7.10592608720208
0.0207	7.21297812103353
0.0208	7.31908649173399
0.0209	7.42402183856484
0.021	7.52755289433849
0.0211	7.62940595321337
0.0212	7.72922672289458
0.0213	7.82655791340997
0.0214	7.92082273327199
0.0215	8.0113471172154
0.0216	8.09741544858171
0.0217	8.17836158197096
0.0218	8.25365336349969
0.0219	8.32293411637302
0.022	8.38602931313536
0.0221	8.44293514123666
0.0222	8.49379370086868
0.0223	8.53887011539003
0.0224	8.57853822767871
0.0225	8.61325806190992
0.0226	8.64352968034314
0.0227	8.66984162567712
0.0228	8.69263926642601
0.0229	8.71232028709824
0.023	8.72925757633324
0.0231	8.74380494787244
0.0232	8.75629619068407
0.0233	8.76701550145497
0.0234	8.77617745769502
0.0235	8.78393560129711
0.0236	8.79037088692327
0.0237	8.79546066691928
0.0238	8.79909322864826
0.0239	8.8011159836211
0.024	8.80141067535521
0.0241	8.79991626814875
0.0242	8.79659270619969
0.0243	8.79137895479204
0.0244	8.78418346099194
0.0245	8.7748955980516
0.0246	8.76341522997335
0.0247	8.74970257950068
0.0248	8.7338124490824
0.0249	8.71593676021623
0.025	8.69639117985258
0.0251	8.67552952283491
0.0252	8.65367604025373
0.0253	8.63111015990543
0.0254	8.60809891262916
0.0255	8.58491791189958
0.0256	8.56186470566461
0.0257	8.53924542497201
0.0258	8.51735992342626
0.0259	8.49646678228638
0.026	8.47675047793706
0.0261	8.45828921294862
0.0262	8.44103148937916
0.0263	8.42482567261793
0.0264	8.4094791200463
0.0265	8.39482302983403
0.0266	8.38072579420258
0.0267	8.36706438830107
0.0268	8.35366428843649
0.0269	8.34029495451939
0.027	8.32668790875553
0.0271	8.31257827697627
0.0272	8.29773431483976
0.0273	8.28197577668782
0.0274	8.26516342519642
0.0275	8.2471837715839
0.0276	8.22797864221758
0.0277	8.20757855539517
0.0278	8.18613800775684
0.0279	8.16391735418459
0.028	8.14123173358902
0.0281	8.11840740787891
0.0282	8.09579861049206
0.0283	8.07379062756763
0.0284	8.05281166080469
0.0285	8.03331184671476
0.0286	8.01568314924836
0.0287	8.00017447739031
0.0288	7.98686689320836
0.0289	7.97571128171652
0.029	7.96657078959238
0.0291	7.95926386056626
0.0292	7.95359853563049
0.0293	7.94939996810405
0.0294	7.94648123702261
0.0295	7.94461822801538
0.0296	7.94353961952782
0.0297	7.94298124262094
0.0298	7.94270038526498
0.0299	7.94242620226537
0.03	7.94180916984006
0.0301	7.94044206691225
0.0302	7.93792250205881
0.0303	7.93389895607163
0.0304	7.92807343856636
0.0305	7.92016318362254
0.0306	7.90987684229653
0.0307	7.89691734354687
0.0308	7.88100668718227
0.0309	7.8619107472903
0.031	7.83946930624266
0.0311	7.81364135657592
0.0312	7.78451368369357
0.0313	7.7522428447724
0.0314	7.71698525875866
0.0315	7.67887611976457
0.0316	7.63805610300563
0.0317	7.59472472846631
0.0318	7.54912748294876
0.0319	7.50150910491261
0.032	7.45208243807288
0.0321	7.4010030929736
0.0322	7.34839311184429
0.0323	7.29431963641246
0.0324	7.23880337947748
0.0325	7.18180634819045
0.0326	7.12328892635742
0.0327	7.06322719278093
0.0328	7.00164947942888
0.0329	6.93862221900373
0.033	6.87425554048711
0.0331	6.8087177702799
0.0332	6.74219764224408
0.0333	6.67487176056886
0.0334	6.60686243446429
0.0335	6.53831539226811
0.0336	6.46946204643675
0.0337	6.40064798038115
0.0338	6.33225384350991
0.0339	6.26467429104508
0.034	6.19830968753131
0.0341	6.13358724358021
0.0342	6.07094572208275
0.0343	6.01076572441768
0.0344	5.95334834532598
0.0345	5.89888861398408
0.0346	5.84750455823428
0.0347	5.79923240661644
0.0348	5.7540619159242
0.0349	5.71193728858733
0.035	5.67277580266488
0.0351	5.63643711909711
0.0352	5.60270780191889
0.0353	5.57129715562939
0.0354	5.54184898675854
0.0355	5.5140083646122
0.0356	5.4874599124651
0.0357	5.46196100034377
0.0358	5.4373185103235
0.0359	5.41338502916345
0.036	5.39005768555249
0.0361	5.36727479360697
0.0362	5.34498779940434
0.0363	5.32317061973575
0.0364	5.30185635780627
0.0365	5.2811440339308
0.0366	5.26117300004159
0.0367	5.24208195827179
0.0368	5.22401442751639
0.0369	5.20713166948812
0.037	5.19160659391914
0.0371	5.17758301790022
0.0372	5.16514922837479
0.0373	5.1543519012757
0.0374	5.14524029103942
0.0375	5.13788615024813
0.0376	5.13235805178025
0.0377	5.12869504789041
0.0378	5.12689828505888
0.0379	5.12693118658678
0.038	5.12870696866901
0.0381	5.13208196779432
0.0382	5.13689479359317
0.0383	5.14301919092398
0.0384	5.15038428625346
0.0385	5.15894176539826
0.0386	5.16863045211113
0.0387	5.17938000316879
0.0388	5.19114623620277
0.0389	5.20393335952145
0.039	5.21777141666455
0.0391	5.2326790832133
0.0392	5.24867145604699
0.0393	5.26579742089546
0.0394	5.28415200756757
0.0395	5.30385648505703
0.0396	5.32501654639656
0.0397	5.34768833416169
0.0398	5.37187065782952
0.0399	5.39749068262904
0.04	5.42442537393856
0.0401	5.45252968056318
0.0402	5.48166264122429
0.0403	5.51166949715726
0.0404	5.54234791920628
0.0405	5.57342382533801
0.0406	5.60459605024472
0.0407	5.63558442211222
0.0408	5.66616156569356
0.0409	5.69616620381548
0.041	5.72548880952844
0.0411	5.75405718218457
0.0412	5.78180243601537
0.0413	5.80866178519951
0.0414	5.83458268929523
0.0415	5.85954704446555
0.0416	5.8835701672993
0.0417	5.90669447538302
0.0418	5.92896990914377
0.0419	5.9504353265874
0.042	5.97114049894958
0.0421	5.99116636779847
0.0422	6.0106512854493
0.0423	6.02977737686642
0.0424	6.04876828064433
0.0425	6.0678586103962
0.0426	6.08728440236055
0.0427	6.10727021916218
0.0428	6.12803135299057
0.0429	6.14976315974396
0.043	6.17262329613571
0.0431	6.19673409519903
0.0432	6.22217626290183
0.0433	6.24899889607368
0.0434	6.27720762845839
0.0435	6.30676498459469
0.0436	6.33757529843176
0.0437	6.36949114257086
0.0438	6.40230318539716
0.0439	6.43576180281323
0.044	6.4696012352756
0.0441	6.50354526756013
0.0442	6.53729839559404
0.0443	6.57051049611434
0.0444	6.6027997034288
0.0445	6.63379168621592
0.0446	6.66318308815556
0.0447	6.69075572619989
0.0448	6.71638956487283
0.0449	6.74003122030118
0.045	6.76166925779879
0.0451	6.78132919949091
0.0452	6.799087273879
0.0453	6.81509408073499
0.0454	6.82956870632282
0.0455	6.84278404290437
0.0456	6.85501804644977
0.0457	6.86652197533103
0.0458	6.87748713605094
0.0459	6.8880478604974
0.046	6.89828299567845
0.0461	6.90819961194621
0.0462	6.91769935971202
0.0463	6.92658268782312
0.0464	6.93457512296456
0.0465	6.94136993918364
0.0466	6.94666246326465
0.0467	6.9502134087092
0.0468	6.95190811550718
0.0469	6.95177698377525
0.047	6.94998259676275
0.0471	6.94679165178611
0.0472	6.94253309581838
0.0473	6.93755625318744
0.0474	6.93219001936744
0.0475	6.9267086659464
0.0476	6.92134147746621
0.0477	6.91632552634313
0.0478	6.91195157349094
0.0479	6.90855738384365
0.048	6.90648508781748
0.0481	6.90603210017603
0.0482	6.90742921683502
0.0483	6.91080897130834
0.0484	6.91620304007089
0.0485	6.92358434858224
0.0486	6.93293530312625
0.0487	6.94427477318001
0.0488	6.95762552885415
0.0489	6.97294604832253
0.049	6.99010205008891
0.0491	7.0088781522883
0.0492	7.02901683520546
0.0493	7.05026434314576
0.0494	7.07241877206056
0.0495	7.09535509685283
0.0496	7.11901249310302
0.0497	7.14336028890017
0.0498	7.16833993354687
0.0499	7.19386506742461
0.05	7.21980456990433
0.0501	7.24599252174695
0.0502	7.2722448238869
0.0503	7.29840511696534
0.0504	7.32436178416896
0.0505	7.35004380023663
0.0506	7.37540585724454
0.0507	7.40041649753035
0.0508	7.42504993110774
0.0509	7.44925902117873
0.051	7.47300790215363
0.0511	7.49630243329188
0.0512	7.51920824764225
0.0513	7.54181757505704
0.0514	7.56421697739516
0.0515	7.5864333974315
0.0516	7.60840759045938
0.0517	7.63000732646266
0.0518	7.65108698838515
0.0519	7.67153037013368
0.052	7.69124296228087
0.0521	7.71014040318669
0.0522	7.72812782627629
0.0523	7.74510643025914
0.0524	7.76098626676755
0.0525	7.77572511552326
0.0526	7.78933715105018
0.0527	7.80186536356648
0.0528	7.81333592611048
0.0529	7.82376275064795
0.053	7.83317237566836
0.0531	7.84162941734895
0.0532	7.84922558886204
0.0533	7.85607237730576
0.0534	7.86230571791931
0.0535	7.86810062103374
0.0536	7.87365493291515
0.0537	7.87917184566008
0.0538	7.8848198852962
0.0539	7.89067508541545
0.054	7.89669839014103
0.0541	7.90276197411098
0.0542	7.90872281470028
0.0543	7.91446405050562
0.0544	7.91989227260038
0.0545	7.9249048839041
0.0546	7.92936657218188
0.0547	7.93309407483867
0.0548	7.93586587801396
0.0549	7.93745801626418
0.055	7.93768119546842
0.0551	7.93640282094936
0.0552	7.93353650347295
0.0553	7.92903380814127
0.0554	7.9228510125398
0.0555	7.91492611195543
0.0556	7.9051655245961
0.0557	7.89344649137088
0.0558	7.87963936985387
0.0559	7.86366129512488
0.056	7.84552463371312
0.0561	7.82535021898152
0.0562	7.80334026985561
0.0563	7.77972634650696
0.0564	7.754755762142
0.0565	7.72869989865882
0.0566	7.70187778530073
0.0567	7.67465412297937
0.0568	7.64744244120334
0.0569	7.62067655934183
0.057	7.5947876052919
0.0571	7.57015031683815
0.0572	7.54706709792913
0.0573	7.52578191923307
0.0574	7.50648487025167
0.0575	7.48931329904379
0.0576	7.47434269139849
0.0577	7.46159085271463
0.0578	7.45101964453986
0.0579	7.44254448926321
0.058	7.43603316327389
0.0581	7.43133449656169
0.0582	7.42828087607372
0.0583	7.42670869649825
0.0584	7.42646217251651
0.0585	7.42740536886575
0.0586	7.42940852691077
0.0587	7.43234542587944
0.0588	7.43612095919231
0.0589	7.44070203092334
0.059	7.44611499681162
0.0591	7.45242845907812
0.0592	7.45975112779316
0.0593	7.46821054731564
0.0594	7.47792962666743
0.0595	7.48900970047559
0.0596	7.50153359862777
0.0597	7.51557812109527
0.0598	7.53123538758095
0.0599	7.5486053189093
0.06	7.56777409468691
0.0601	7.58881084505575
0.0602	7.61180203629018
0.0603	7.63682889633861
0.0604	7.66392613069014
0.0605	7.69306097532246
0.0606	7.72416596210748
0.0607	7.75718187414416
0.0608	7.79204237021962
0.0609	7.82866611491223
0.061	7.8669497699135
0.0611	7.90680272922041
0.0612	7.94811854262291
0.0613	7.99078061192251
0.0614	8.03465652202572
0.0615	8.07964820270087
0.0616	8.12569729219385
0.0617	8.17276508875827
0.0618	8.22082266283611
0.0619	8.26984164576661
0.062	8.31981901042008
0.0621	8.37076056986687
0.0622	8.42269396559639
0.0623	8.47565728223526
0.0624	8.52971265275956
0.0625	8.58491134643555
0.0626	8.6412954271958
0.0627	8.6988906331403
0.0628	8.75771282755535
0.0629	8.81775134496437
0.063	8.87901243766611
0.0631	8.94152852727248
0.0632	9.00535685949871
0.0633	9.07050604073427
0.0634	9.13692547461882
0.0635	9.20447688959083
0.0636	9.27297336618136
0.0637	9.34220932853675
0.0638	9.4119741954412
0.0639	9.48210526310104
0.064	9.5524613916519
0.0641	9.62288093962109
0.0642	9.69312739558306
0.0643	9.76293040504484
0.0644	9.83201341198242
0.0645	9.9001296954916
0.0646	9.96705358342918
0.0647	10.0326051788821
0.0648	10.0966070930423
0.0649	10.1588838700459
0.065	10.2192778323678
0.0651	10.2776559943688
0.0652	10.3339494843061
0.0653	10.3881258816945
0.0654	10.440189954764
0.0655	10.4901635133905
0.0656	10.5380867385653
0.0657	10.5839815532013
0.0658	10.6278842089345
0.0659	10.6699007747734
0.066	10.710173746589
0.0661	10.748865569663
0.0662	10.7861364625053
0.0663	10.8221263924003
0.0664	10.8569005664428
0.0665	10.8904655183335
0.0666	10.9227869146687
0.0667	10.9538336513105
0.0668	10.98356391624
0.0669	11.0119543140862
0.067	11.0390105555919
0.0671	11.0647440954134
0.0672	11.0891443134415
0.0673	11.1121980311458
0.0674	11.1339423920603
0.0675	11.154455596385
0.0676	11.1738077137087
0.0677	11.1920607123334
0.0678	11.2093095252044
0.0679	11.2257029149478
0.068	11.2414297067332
0.0681	11.2566645847453
0.0682	11.2715654918297
0.0683	11.2862918815759
0.0684	11.3009982438271
0.0685	11.3158001223959
0.0686	11.3307830495078
0.0687	11.3460377659702
0.0688	11.3616710800078
0.0689	11.3777604959057
0.069	11.3943045666586
0.0691	11.4112348617922
0.0692	11.4284770003877
0.0693	11.4460023708113
0.0694	11.4638180308292
0.0695	11.4819318175437
0.0696	11.5003393274118
0.0697	11.5190329308983
0.0698	11.5380398027652
0.0699	11.5574276816179
0.07	11.577298104757
0.0701	11.5977407170059
0.0702	11.6188375267326
0.0703	11.6406788714897
0.0704	11.6633511480453
0.0705	11.6869456026637
0.0706	11.7115604554464
0.0707	11.7373159130214
0.0708	11.7643483280439
0.0709	11.7928026285482
0.071	11.8228046978851
0.0711	11.8544847378679
0.0712	11.8879629486625
0.0713	11.9233474907229
0.0714	11.9607156245362
0.0715	12.0001131087582
0.0716	12.041565981718
0.0717	12.0850623542575
0.0718	12.1305623381811
0.0719	12.1779944082436
0.072	12.2272755094508
0.0721	12.2783038817359
0.0722	12.330979195386
0.0723	12.3851927446277
0.0724	12.4408358043795
0.0725	12.4978230167924
0.0726	12.5560934489694
0.0727	12.6156522599281
0.0728	12.6765137484236
0.0729	12.7386520656578
0.073	12.8019902440303
0.0731	12.8664527694841
0.0732	12.9319967308177
0.0733	12.9986309404258
0.0734	13.066373119963
0.0735	13.1352787434034
0.0736	13.2054336481207
0.0737	13.2769503530646
0.0738	13.3499440103537
0.0739	13.4244743220334
0.074	13.5005686141463
0.0741	13.5782106731607
0.0742	13.6573730648534
0.0743	13.7380115659141
0.0744	13.820101511915
0.0745	13.903602858242
0.0746	13.9884221391856
0.0747	14.0744027207712
0.0748	14.1612971987514
0.0749	14.248823944823
0.075	14.3366920972542
0.0751	14.4246354655098
0.0752	14.5123758261824
0.0753	14.5996307799843
0.0754	14.6860799028959
0.0755	14.771408133601
0.0756	14.8552899631021
0.0757	14.9374256710743
0.0758	15.0175043564159
0.0759	15.0952408982576
0.076	15.1704109896343
0.0761	15.2428336654629
0.0762	15.3124087525219
0.0763	15.3790780816269
0.0764	15.4428205633601
0.0765	15.5036104952727
0.0766	15.5614527158366
0.0767	15.6163643734433
0.0768	15.6684055675699
0.0769	15.7176771598969
0.077	15.76428432031
0.0771	15.8083271211474
0.0772	15.849867559794
0.0773	15.8889361269723
0.0774	15.9255203239244
0.0775	15.9595992955762
0.0776	15.9911339364745
0.0777	16.0201043924072
0.0778	16.046497779559
0.0779	16.0703239623696
0.078	16.0915886420641
0.0781	16.1103032818461
0.0782	16.1264880831263
0.0783	16.1401711413622
0.0784	16.1514109575936
0.0785	16.1602952685571
0.0786	16.1669389402037
0.0787	16.1714954824112
0.0788	16.1741523687384
0.0789	16.1751422765708
0.079	16.1746998114804
0.0791	16.1730384306192
0.0792	16.1703510140853
0.0793	16.16681103657
0.0794	16.1625596398713
0.0795	16.1577127896773
0.0796	16.1523608532513
0.0797	16.1465931281199
0.0798	16.1404725532492
0.0799	16.1340539537125
0.08	16.1273802485187
0.0801	16.1204757623092
0.0802	16.1133729168658
0.0803	16.1061193956043
0.0804	16.0987718668065
0.0805	16.0913848304413
0.0806	16.0840054234839
0.0807	16.0766698841025
0.0808	16.0694062831028
0.0809	16.0622519425423
0.081	16.0552902386205
0.0811	16.0486527751924
0.0812	16.0425188326226
0.0813	16.0370940150327
0.0814	16.0326175529688
0.0815	16.029308356526
0.0816	16.0273628700994
0.0817	16.0269603975008
0.0818	16.0282936407379
0.0819	16.0315837642487
0.082	16.0370520176826
0.0821	16.0449241247721
0.0822	16.0553972590522
0.0823	16.0686226056006
0.0824	16.0847298812341
0.0825	16.1038449445351
0.0826	16.1260687250293
0.0827	16.1514551440604
0.0828	16.1800362785479
0.0829	16.211848364859
0.083	16.2469284471317
0.0831	16.2852808258084
0.0832	16.3268774979599
0.0833	16.3716536359678
0.0834	16.4195500913522
0.0835	16.4705173470127
0.0836	16.5244887036327
0.0837	16.5814049250051
0.0838	16.6412125957504
0.0839	16.7038630655929
0.084	16.7692783361102
0.0841	16.8373390163003
0.0842	16.907902067774
0.0843	16.9808375769174
0.0844	17.0560373881218
0.0845	17.1334362971795
0.0846	17.2129599373215
0.0847	17.2945129297485
0.0848	17.3779642241336
0.0849	17.4631201961035
0.085	17.5497600408084
0.0851	17.637670142672
0.0852	17.7266683408553
0.0853	17.8165658973404
0.0854	17.9072053868218
0.0855	17.9984113441027
0.0856	18.0899892238071
0.0857	18.181751324035
0.0858	18.2735027759155
0.0859	18.3650806634613
0.086	18.4563343128153
0.0861	18.5471465012699
0.0862	18.6374178675877
0.0863	18.7270846227049
0.0864	18.8160609373563
0.0865	18.9042351015671
0.0866	18.9914642840928
0.0867	19.0776196644301
0.0868	19.162575353656
0.0869	19.2462188314275
0.087	19.328470354417
0.0871	19.409254719847
0.0872	19.4885266021101
0.0873	19.5662116178728
0.0874	19.6422333651069
0.0875	19.7164775260069
0.0876	19.7888544532854
0.0877	19.8592973800789
0.0878	19.927791062571
0.0879	19.9943556611358
0.088	20.0590079461275
0.0881	20.1217548428122
0.0882	20.1825925436521
0.0883	20.241512028324
0.0884	20.2984797218206
0.0885	20.3534695563148
0.0886	20.4064643601257
0.0887	20.4574888552192
0.0888	20.5065716907836
0.0889	20.5537453352197
0.089	20.5990231245914
0.0891	20.642406979592
0.0892	20.6838923031908
0.0893	20.7234233169794
0.0894	20.7609440443875
0.0895	20.7963991749195
0.0896	20.82974726042
0.0897	20.860947099384
0.0898	20.8899573737081
0.0899	20.916728479787
0.09	20.9412203818173
0.0901	20.9634117778043
0.0902	20.9833203253446
0.0903	21.0010125956745
0.0904	21.016570609324
0.0905	21.0300944918213
0.0906	21.0416890386339
0.0907	21.051492641879
0.0908	21.0596559708112
0.0909	21.0663396936286
0.091	21.0716992247821
0.0911	21.0758743338392
0.0912	21.0789947068632
0.0913	21.0811499928215
0.0914	21.0823993835181
0.0915	21.0827941876387
0.0916	21.0823803000384
0.0917	21.081192051732
0.0918	21.0792521631638
0.0919	21.076572369297
0.092	21.0731563632506
0.0921	21.0689869743037
0.0922	21.0640394137664
0.0923	21.058284619287
0.0924	21.0516719453896
0.0925	21.0441704717689
0.0926	21.0357649431402
0.0927	21.0264679909418
0.0928	21.0162962591343
0.0929	21.0052757838848
0.093	20.9934504298786
0.0931	20.9808993478806
0.0932	20.9677216865427
0.0933	20.9540233378033
0.0934	20.9399168272466
0.0935	20.9255299447017
0.0936	20.910991298504
0.0937	20.8964194021671
0.0938	20.8819218906189
0.0939	20.867596034959
0.094	20.8535247164212
0.0941	20.8397786946769
0.0942	20.8264141304122
0.0943	20.8134615425638
0.0944	20.8009380936808
0.0945	20.7888314502746
0.0946	20.7771129020758
0.0947	20.7657357595226
0.0948	20.7546466179911
0.0949	20.7438008087017
0.095	20.7331618010342
0.0951	20.7226944491895
0.0952	20.7123548862835
0.0953	20.7020908521052
0.0954	20.6918523778155
0.0955	20.6815948302227
0.0956	20.6712800636766
0.0957	20.6608623040422
0.0958	20.6503140589639
0.0959	20.6396063827794
0.096	20.6287175137471
0.0961	20.6176112135734
0.0962	20.6062255915422
0.0963	20.594493680714
0.0964	20.5823288154221
0.0965	20.5696451649479
0.0966	20.5563664426051
0.0967	20.5424191122683
0.0968	20.5277308615982
0.0969	20.5122301030393
0.097	20.4958291045979
0.0971	20.4784388042929
0.0972	20.4599740564952
0.0973	20.4403782862798
0.0974	20.4196171585786
0.0975	20.3976737441983
0.0976	20.3745513212138
0.0977	20.3502749917469
0.0978	20.3248714489572
0.0979	20.298367402038
0.098	20.270774113907
0.0981	20.2421338383968
0.0982	20.2124884203089
0.0983	20.181910335954
0.0984	20.1504773250375
0.0985	20.1182837184246
0.0986	20.0854015823071
0.0987	20.0518995741027
0.0988	20.0178234728787
0.0989	19.9832164597669
0.099	19.9481294639291
0.0991	19.9126152341522
0.0992	19.8767367118084
0.0993	19.8405617630194
0.0994	19.8041529978439
0.0995	19.7675515968483
0.0996	19.7307995193934
0.0997	19.6939359768068
0.0998	19.6569931647664
0.0999	19.6199816906368
0.1	19.5829015537695
0.1001	19.5457489401519
0.1002	19.5085096287747
0.1003	19.4711662804022
0.1004	19.4336836995374
0.1005	19.3960256479508
0.1006	19.3581454280275
0.1007	19.3199838362158
0.1008	19.2814808397962
0.1009	19.24257158869
0.101	19.2032045899961
0.1011	19.1633215453465
0.1012	19.1228578229094
0.1013	19.0817265469588
0.1014	19.0398380776249
0.1015	18.9971129143274
0.1016	18.9534944816092
0.1017	18.9089567358461
0.1018	18.8635092098772
0.1019	18.8172018333766
0.102	18.7701216201975
0.1021	18.7223662296027
0.1022	18.6740520008013
0.1023	18.6253143533524
0.1024	18.5763041190172
0.1025	18.527190723206
0.1026	18.4781364541302
0.1027	18.4293015230363
0.1028	18.3808234705387
0.1029	18.3328239582115
0.103	18.2853870955541
0.1031	18.2385701050555
0.1032	18.192395869336
0.1033	18.1468476626236
0.1034	18.1019017585937
0.1035	18.0575146917969
0.1036	18.0136483154119
0.1037	17.9702402825456
0.1038	17.9272169528939
0.1039	17.8844778086863
0.104	17.8419255796116
0.1041	17.7994731838671
0.1042	17.7570468383366
0.1043	17.7145747175062
0.1044	17.6720167681787
0.1045	17.629350103586
0.1046	17.5865848858636
0.1047	17.5437580041537
0.1048	17.5009177717063
0.1049	17.4581404796739
0.105	17.4154820807611
0.1051	17.3730099645881
0.1052	17.3307629084199
0.1053	17.2887828741122
0.1054	17.2470984687488
0.1055	17.2057295068347
0.1056	17.1646859695578
0.1057	17.1239743016754
0.1058	17.083605945906
0.1059	17.0435817450919
0.106	17.003884774929
0.1061	16.9644624538776
0.1062	16.9252442135657
0.1063	16.8861622976204
0.1064	16.8471538642034
0.1065	16.8081473372983
0.1066	16.7690626110547
0.1067	16.7298233953415
0.1068	16.6903466352958
0.1069	16.6505695482195
0.107	16.6104281682535
0.1071	16.5698652767913
0.1072	16.5288167669727
0.1073	16.4872296293984
0.1074	16.4450283454564
0.1075	16.4021251754181
0.1076	16.3584285762059
0.1077	16.3138264821998
0.1078	16.2682130007861
0.1079	16.2214723079444
0.108	16.1734995064756
0.1081	16.1242164996653
0.1082	16.0735505239683
0.1083	16.0214121211428
0.1084	15.9676906628721
0.1085	15.9122532221317
0.1086	15.8549831423675
0.1087	15.7957580952944
0.1088	15.7344846102527
0.1089	15.6710911768011
0.109	15.6055118091897
0.1091	15.5377038214092
0.1092	15.4676156666737
0.1093	15.3952034755886
0.1094	15.3204301350777
0.1095	15.2432800940393
0.1096	15.163743085973
0.1097	15.0818324437909
0.1098	14.9975729809764
0.1099	14.9109877403876
0.11	14.8221277561907
0.1101	14.7310276546489
0.1102	14.6377417987563
0.1103	14.5423250026616
0.1104	14.4448553812185
0.1105	14.3453897832019
0.1106	14.2439882794185
0.1107	14.140688892313
0.1108	14.0355499427176
0.1109	13.9285990735937
0.111	13.8198620202137
0.1111	13.7093654948512
0.1112	13.5971230164263
0.1113	13.4831808685662
0.1114	13.3675746094023
0.1115	13.2503633629144
0.1116	13.1316259734493
0.1117	13.0114774136242
0.1118	12.890010920847
0.1119	12.7673332928822
0.112	12.6435570681166
0.1121	12.5187940356417
0.1122	12.3931991537504
0.1123	12.2668938051017
0.1124	12.1399905205327
0.1125	12.012580879881
0.1126	11.8847668371652
0.1127	11.756625695133
0.1128	11.6282490018437
0.1129	11.499714913664
0.113	11.3711122007545
0.1131	11.242480879022
0.1132	11.1138629084385
0.1133	10.9853012025208
0.1134	10.8568338760062
0.1135	10.7285296615034
0.1136	10.6004133153127
0.1137	10.4724943739822
0.1138	10.3447480673185
0.1139	10.2171695872119
0.114	10.0897331997174
0.1141	9.96242555495948
0.1142	9.83523330105774
0.1143	9.7081174073457
0.1144	9.58104531656647
0.1145	9.45392458950582
0.1146	9.32666272357204
0.1147	9.1991491238781
0.1148	9.07129598000643
0.1149	8.94298508626693
0.115	8.81410486482503
0.1151	8.68452452531341
0.1152	8.55413845070214
0.1153	8.42280636181479
0.1154	8.29040523251956
0.1155	8.15680918887915
0.1156	8.02187462670139
0.1157	7.8854657234277
0.1158	7.74738269450347
0.1159	7.60740095602293
0.116	7.46526762404972
0.1161	7.32075927141145
0.1162	7.17362553969377
0.1163	7.02363324254512
0.1164	6.87055019359258
0.1165	6.71415102467475
0.1166	6.5542825918904
0.1167	6.39082224709514
0.1168	6.22375092513147
0.1169	6.0531363924936
0.117	5.87918050357689
0.1171	5.70213767156326
0.1172	5.52236883513714
0.1173	5.34031049290169
0.1174	5.1565305179337
0.1175	4.97163192830874
0.1176	4.78627749560732
0.1177	4.60114287308426
0.1178	4.41686522446531
0.1179	4.23407901896667
0.118	4.05332360398688
0.1181	3.87509010605382
0.1182	3.69979136337415
0.1183	3.52780276070362
0.1184	3.35936957628252
0.1185	3.1946403682162
0.1186	3.03365205960534
0.1187	2.8763188939904
0.1188	2.72249481999017
0.1189	2.57191624435768
0.119	2.42426893713207
0.1191	2.27919098512453
0.1192	2.13635186049214
0.1193	1.99542180957081
0.1194	1.85614085542804
0.1195	1.7183155533767
0.1196	1.58187261215807
0.1197	1.44680243924253
0.1198	1.3131954019004
0.1199	1.18121921276204
0.12	1.05109358744369
0.1201	0.923118177401506
0.1202	0.797608657610141
0.1203	0.674926639499148
0.1204	0.555441922177266
0.1205	0.439543656127171
0.1206	0.32756358050375
0.1207	0.219796000386481
0.1208	0.116475661067724
0.1209	0.0177576164686286
0.121	-0.0762649897078092
0.1211	-0.165607536237829
0.1212	-0.250357073730584
0.1213	-0.330674598957557
0.1214	-0.406758419692537
0.1215	-0.478864176948434
0.1216	-0.547265337487161
0.1217	-0.61225878901233
0.1218	-0.674146246954535
0.1219	-0.733259802515576
0.122	-0.789927786455408
0.1221	-0.844461514061535
0.1222	-0.897144034498567
0.1223	-0.948200845228378
0.1224	-0.997802930273984
0.1225	-1.04603748566525
0.1226	-1.09292077712168
0.1227	-1.13841405676857
0.1228	-1.18247580007333
0.1229	-1.22506677659677
0.123	-1.26615099903212
0.1231	-1.3056879746724
0.1232	-1.34360647827493
0.1233	-1.37981974165275
0.1234	-1.41423002002676
0.1235	-1.44676267263492
0.1236	-1.4773829340466
0.1237	-1.50611939192854
0.1238	-1.53304856659997
0.1239	-1.55828636924307
0.124	-1.58196304336978
0.1241	-1.60422213029601
0.1242	-1.62520618940805
0.1243	-1.6450576765593
0.1244	-1.66391469579264
0.1245	-1.68189805495709
0.1246	-1.69912112097367
0.1247	-1.71568593191725
0.1248	-1.73168270984824
0.1249	-1.74717141966771
0.125	-1.76218211650848
0.1251	-1.77671038565562
0.1252	-1.79072631096664
0.1253	-1.80417911210481
0.1254	-1.81700143965902
0.1255	-1.82911887502159
0.1256	-1.84044626376825
0.1257	-1.8509032127128
0.1258	-1.86041593544105
0.1259	-1.86892888173293
0.126	-1.87641331811713
0.1261	-1.88287366195515
0.1262	-1.88834174011188
0.1263	-1.89287167017747
0.1264	-1.89654500351521
0.1265	-1.8994867715361
0.1266	-1.90188675974652
0.1267	-1.90398230242837
0.1268	-1.90602146207357
0.1269	-1.90822929732689
0.127	-1.91080952678335
0.1271	-1.91396133897376
0.1272	-1.91789178967368
0.1273	-1.92281017268264
0.1274	-1.92890661023638
0.1275	-1.93633922356388
0.1276	-1.94522197026351
0.1277	-1.95564056538331
0.1278	-1.96767356245089
0.1279	-1.98140833206518
0.128	-1.99693177360886
0.1281	-2.01430645253156
0.1282	-2.03353874649848
0.1283	-2.05460226950617
0.1284	-2.07744790936812
0.1285	-2.10201034234014
0.1286	-2.1281887322718
0.1287	-2.15583525790554
0.1288	-2.18476777391626
0.1289	-2.2147977007293
0.129	-2.2457585321223
0.1291	-2.2775070445712
0.1292	-2.30995362001949
0.1293	-2.34303531967818
0.1294	-2.37670136310641
0.1295	-2.41091122541552
0.1296	-2.44564296849606
0.1297	-2.48089134722085
0.1298	-2.51664754089109
0.1299	-2.55288050166893
0.13	-2.5895028995814
0.1301	-2.62641591554318
0.1302	-2.66350797524777
0.1303	-2.70066273615523
0.1304	-2.73774645055196
0.1305	-2.77458889566986
0.1306	-2.8109771751888
0.1307	-2.8466731214703
0.1308	-2.88144963310933
0.1309	-2.91508151812617
0.131	-2.94736876047382
0.1311	-2.97810299279187
0.1312	-3.00707441097607
0.1313	-3.03408346267446
0.1314	-3.05896303386882
0.1315	-3.08159606603502
0.1316	-3.10191651886359
0.1317	-3.11989282037703
0.1318	-3.13549956742743
0.1319	-3.14873126905462
0.132	-3.1595977004715
0.1321	-3.16813866457649
0.1322	-3.17443021703909
0.1323	-3.17858537059313
0.1324	-3.18075575098531
0.1325	-3.1811236720716
0.1326	-3.17989074550545
0.1327	-3.17727123338042
0.1328	-3.17347898584816
0.1329	-3.16870496592583
0.133	-3.16310294116524
0.1331	-3.15679331196091
0.1332	-3.14987573392809
0.1333	-3.14243317293206
0.1334	-3.13453046088986
0.1335	-3.12621096273031
0.1336	-3.11748115939071
0.1337	-3.10831458683093
0.1338	-3.09866189477389
0.1339	-3.08847277464076
0.134	-3.07770813168331
0.1341	-3.0663333971293
0.1342	-3.05430637329088
0.1343	-3.04158029361584
0.1344	-3.02813105304238
0.1345	-3.01396539027699
0.1346	-2.99912812643926
0.1347	-2.98367886237381
0.1348	-2.96766146201644
0.1349	-2.95108236665532
0.135	-2.93391129907465
0.1351	-2.91610820691833
0.1352	-2.89765098450493
0.1353	-2.87855728721209
0.1354	-2.85885635971005
0.1355	-2.83858610864021
0.1356	-2.81778205498958
0.1357	-2.79646541587388
0.1358	-2.7746416776823
0.1359	-2.75230344989217
0.136	-2.72944119619612
0.1361	-2.70605163625824
0.1362	-2.68216796184762
0.1363	-2.65785705934622
0.1364	-2.63324290109649
0.1365	-2.60849547151786
0.1366	-2.5837992994604
0.1367	-2.55933223677238
0.1368	-2.53526331377223
0.1369	-2.51176097195367
0.137	-2.48902271588113
0.1371	-2.4672650532627
0.1372	-2.44672972838773
0.1373	-2.42764608766206
0.1374	-2.41019628504411
0.1375	-2.3944980874107
0.1376	-2.38060704068535
0.1377	-2.36852266943275
0.1378	-2.35820160080906
0.1379	-2.34958253027196
0.138	-2.34259823789301
0.1381	-2.33718816863413
0.1382	-2.3332958201474
0.1383	-2.3308604100815
0.1384	-2.32979896104924
0.1385	-2.32999894506343
0.1386	-2.33132423248655
0.1387	-2.33363719270386
0.1388	-2.33681291528345
0.1389	-2.34073748060142
0.139	-2.34528930096859
0.1391	-2.35033176979315
0.1392	-2.35572422792869
0.1393	-2.36134317726856
0.1394	-2.36709087080836
0.1395	-2.3728872036394
0.1396	-2.37864457749331
0.1397	-2.38425279101894
0.1398	-2.38958539726828
0.1399	-2.39451294163055
0.14	-2.39891359654127
0.1401	-2.40266457965383
0.1402	-2.40562714136985
0.1403	-2.4076358280241
0.1404	-2.4085087358918
0.1405	-2.4080690447264
0.1406	-2.40615903390355
0.1407	-2.40263807871981
0.1408	-2.39736718804907
0.1409	-2.39019401051018
0.141	-2.38095452196578
0.1411	-2.36949257327092
0.1412	-2.35568109302588
0.1413	-2.33942187373101
0.1414	-2.32064204571568
0.1415	-2.29926425455295
0.1416	-2.2752024350754
0.1417	-2.24835788680427
0.1418	-2.21863522857476
0.1419	-2.18596509519448
0.142	-2.15030314914546
0.1421	-2.11161267587936
0.1422	-2.0698416950585
0.1423	-2.02495425874098
0.1424	-1.97690597496816
0.1425	-1.92568444766786
0.1426	-1.87131947833645
0.1427	-1.81389341289041
0.1428	-1.75353573004048
0.1429	-1.69040068012472
0.143	-1.62464692261847
0.1431	-1.55642529428117
0.1432	-1.48593184219227
0.1433	-1.41335516765896
0.1434	-1.33891579712468
0.1435	-1.26284724821467
0.1436	-1.18538804030423
0.1437	-1.10678112157679
0.1438	-1.02727765307556
0.1439	-0.947136246080348
0.144	-0.866605052483067
0.1441	-0.7859791596794
0.1442	-0.705541443670569
0.1443	-0.625602488486621
0.1444	-0.546459947608199
0.1445	-0.468373927890028
0.1446	-0.391554521063583
0.1447	-0.316155321429662
0.1448	-0.24227868146896
0.1449	-0.169989756745522
0.145	-0.0993913941884443
0.1451	-0.0305743957599986
0.1452	0.0363541590740368
0.1453	0.101313707436262
0.1454	0.164273159000473
0.1455	0.225255233086344
0.1456	0.284324537110251
0.1457	0.341570839195754
0.1458	0.397038981090034
0.1459	0.45074845663882
0.146	0.502655576603075
0.1461	0.552695196557082
0.1462	0.600823825034368
0.1463	0.647039562418414
0.1464	0.691363631191017
0.1465	0.733794959528232
0.1466	0.774279118065927
0.1467	0.812680604223871
0.1468	0.848844183323038
0.1469	0.882609170132682
0.147	0.913848196620911
0.1471	0.942482567736079
0.1472	0.96847761387081
0.1473	0.991833574626845
0.1474	1.01258263397223
0.1475	1.03078472368198
0.1476	1.04649957008453
0.1477	1.05978823429228
0.1478	1.07071675584495
0.1479	1.07940338293573
0.148	1.08605468417635
0.1481	1.09094925445124
0.1482	1.09437079791079
0.1483	1.09654186951668
0.1484	1.09759868857136
0.1485	1.09761139381031
0.1486	1.09663136011773
0.1487	1.09473821641242
0.1488	1.0920630849795
0.1489	1.08876772460426
0.149	1.08500400484589
0.1491	1.08088874554776
0.1492	1.07651075384597
0.1493	1.07195063895929
0.1494	1.06728808230854
0.1495	1.06258106332058
0.1496	1.05785318339511
0.1497	1.05309335625322
0.1498	1.04827440317606
0.1499	1.0433745099898
0.15	1.03839534498369
0.1501	1.033363454169
0.1502	1.02833958739649
0.1503	1.02342515756916
0.1504	1.01877155419578
0.1505	1.01456509233949
0.1506	1.01100544261688
0.1507	1.00828654843343
0.1508	1.00657290911373
0.1509	1.0059696636084
0.151	1.00651190372872
0.1511	1.00818205956861
0.1512	1.01093638484714
0.1513	1.01471670791975
0.1514	1.01945138750273
0.1515	1.02505972910126
0.1516	1.03145470742122
0.1517	1.03854906500815
0.1518	1.04626615382162
0.1519	1.05454215715952
0.152	1.06330987528084
0.1521	1.07249135089347
0.1522	1.0819778695647
0.1523	1.09161685055672
0.1524	1.10120421552817
0.1525	1.11050572873867
0.1526	1.11930587011134
0.1527	1.12744824288565
0.1528	1.13484460907551
0.1529	1.14145330154995
0.153	1.14727023305313
0.1531	1.15230815856068
0.1532	1.15658197644656
0.1533	1.16009716768396
0.1534	1.16284884937386
0.1535	1.1648237900967
0.1536	1.16599767289395
0.1537	1.16633043715599
0.1538	1.16576916617307
0.1539	1.16426879518097
0.154	1.16180822580681
0.1541	1.15839377198066
0.1542	1.15405165883509
0.1543	1.14882349222965
0.1544	1.14276446301531
0.1545	1.1359310740771
0.1546	1.12836458757444
0.1547	1.12007547839742
0.1548	1.11104646110785
0.1549	1.10123152268013
0.155	1.09055365208932
0.1551	1.07891760782809
0.1552	1.0662300558504
0.1553	1.05240969923796
0.1554	1.03738340251034
0.1555	1.02109496647354
0.1556	1.00350087454708
0.1557	0.984597671278785
0.1558	0.964427674399317
0.1559	0.94306156296053
0.156	0.920568245213701
0.1561	0.896998443397202
0.1562	0.872383270028372
0.1563	0.846736415952357
0.1564	0.820075834313052
0.1565	0.792401054188943
0.1566	0.763702240767152
0.1567	0.73394768481301
0.1568	0.703084094340923
0.1569	0.671053723361432
0.157	0.63783243243715
0.1571	0.603462119295308
0.1572	0.568037390341487
0.1573	0.53168449373598
0.1574	0.494493736011513
0.1575	0.456534075819413
0.1576	0.417866931120457
0.1577	0.378570646778989
0.1578	0.338754238532175
0.1579	0.298551869239084
0.158	0.258107089227295
0.1581	0.217559197251987
0.1582	0.177067191405683
0.1583	0.136774129403562
0.1584	0.0968361975925305
0.1585	0.0574280915334597
0.1586	0.0187388083026505
0.1587	-0.0190556559063779
0.1588	-0.0558127427055197
0.1589	-0.0914196847306172
0.159	-0.125751602915813
0.1591	-0.158699833719481
0.1592	-0.190169962036109
0.1593	-0.220113532843435
0.1594	-0.24854588512877
0.1595	-0.275547933910396
0.1596	-0.301250582922592
0.1597	-0.32580951123488
0.1598	-0.349385814479142
0.1599	-0.372125693215729
0.16	-0.394192188889399
0.1601	-0.415754927753156
0.1602	-0.43697525105479
0.1603	-0.457981122591576
0.1604	-0.478857775031031
0.1605	-0.499657688043541
0.1606	-0.520414834953463
0.1607	-0.541154566174782
0.1608	-0.561879524427518
0.1609	-0.582584216848979
0.161	-0.603238603518179
0.1611	-0.62378451274116
0.1612	-0.644125923889895
0.1613	-0.664119734159382
0.1614	-0.68357164299119
0.1615	-0.70224670180831
0.1616	-0.71990416583106
0.1617	-0.736327760508267
0.1618	-0.751361297982694
0.1619	-0.764889747948384
0.162	-0.7768239425301
0.1621	-0.787091280087555
0.1622	-0.79564128762053
0.1623	-0.802466633205903
0.1624	-0.807623399669707
0.1625	-0.811229678210542
0.1626	-0.813437098177766
0.1627	-0.8143974569656
0.1628	-0.814234963696989
0.1629	-0.813049804828433
0.163	-0.810941456357401
0.1631	-0.808020126200689
0.1632	-0.80438868713646
0.1633	-0.8001207240679
0.1634	-0.795266451031203
0.1635	-0.789865146872112
0.1636	-0.783952393528162
0.1637	-0.777557216860775
0.1638	-0.770702620594378
0.1639	-0.76340124178032
0.164	-0.755643366844918
0.1641	-0.747390374626678
0.1642	-0.738577015730394
0.1643	-0.729127534678611
0.1644	-0.718960613440274
0.1645	-0.708003359556482
0.1646	-0.696195396838977
0.1647	-0.683502090130432
0.1648	-0.669942279079873
0.1649	-0.655610313199553
0.165	-0.640665804115038
0.1651	-0.625295557223456
0.1652	-0.60968798118655
0.1653	-0.594003643060951
0.1654	-0.5783860035503
0.1655	-0.562969404878487
0.1656	-0.547887596706101
0.1657	-0.53327080703486
0.1658	-0.5192307892443
0.1659	-0.505851105699548
0.166	-0.493190657664822
0.1661	-0.48130728348896
0.1662	-0.470252625982667
0.1663	-0.460065753382862
0.1664	-0.45075781290938
0.1665	-0.442313996717244
0.1666	-0.434703068117392
0.1667	-0.427886315897849
0.1668	-0.421826757116937
0.1669	-0.416489640547905
0.167	-0.411831616336597
0.1671	-0.407782102211909
0.1672	-0.404253215495792
0.1673	-0.401164674415901
0.1674	-0.398473684692496
0.1675	-0.396194697522577
0.1676	-0.394396283617235
0.1677	-0.393172925229806
0.1678	-0.392608282808581
0.1679	-0.392749992185185
0.168	-0.393612505961374
0.1681	-0.395193737930534
0.1682	-0.397485079539902
0.1683	-0.400469721028006
0.1684	-0.404114164422309
0.1685	-0.40835523285343
0.1686	-0.413088315314388
0.1687	-0.41816649856893
0.1688	-0.423430873829931
0.1689	-0.428745193110846
0.169	-0.434015584459319
0.1691	-0.439175173636883
0.1692	-0.444151485140306
0.1693	-0.448842421894677
0.1694	-0.453110960684572
0.1695	-0.456796438765043
0.1696	-0.459735686553931
0.1697	-0.461794569431698
0.1698	-0.462883716186522
0.1699	-0.462964803143756
0.17	-0.462059846099852
0.1701	-0.46026061006226
0.1702	-0.457718512330407
0.1703	-0.45460854297065
0.1704	-0.451095494073026
0.1705	-0.447327314597843
0.1706	-0.443443720141355
0.1707	-0.439593744920874
0.1708	-0.435940877078578
0.1709	-0.432650514363447
0.171	-0.429864388284012
0.1711	-0.427676729915935
0.1712	-0.426128725681913
0.1713	-0.42522317564388
0.1714	-0.42494890927818
0.1715	-0.425297341202809
0.1716	-0.426263464783954
0.1717	-0.427830086991528
0.1718	-0.429950152231513
0.1719	-0.432542629378629
0.172	-0.435503990722925
0.1721	-0.43872911661646
0.1722	-0.442123162983258
0.1723	-0.44560830866114
0.1724	-0.449120691126494
0.1725	-0.452616324847928
0.1726	-0.456078968310981
0.1727	-0.459520303646999
0.1728	-0.462971204513817
0.1729	-0.466473391820378
0.173	-0.470078670322612
0.1731	-0.473849417765519
0.1732	-0.477866864777052
0.1733	-0.482233377842881
0.1734	-0.48707039546216
0.1735	-0.492502609331362
0.1736	-0.498629253778043
0.1737	-0.505497771512342
0.1738	-0.5131003560713
0.1739	-0.521398417746864
0.174	-0.53034293026322
0.1741	-0.539885314164998
0.1742	-0.549954880986995
0.1743	-0.560443751398136
0.1744	-0.571202921997124
0.1745	-0.582046372554441
0.1746	-0.592761385176662
0.1747	-0.603121831566675
0.1748	-0.612906625838958
0.1749	-0.621914477599081
0.175	-0.629986920789401
0.1751	-0.637009402321574
0.1752	-0.642915643310232
0.1753	-0.647687519790391
0.1754	-0.651345363139225
0.1755	-0.653936079465164
0.1756	-0.655529759454016
0.1757	-0.656222647003963
0.1758	-0.656136189282239
0.1759	-0.655405849190605
0.176	-0.654168293127144
0.1761	-0.652551365522365
0.1762	-0.650662350286545
0.1763	-0.648577003007396
0.1764	-0.646339906254314
0.1765	-0.643973407525413
0.1766	-0.641490074704003
0.1767	-0.638892542858601
0.1768	-0.636165612586177
0.1769	-0.63326207871231
0.177	-0.630101417454689
0.1771	-0.626588742473952
0.1772	-0.622646631809809
0.1773	-0.618239978991191
0.1774	-0.613378218925099
0.1775	-0.608099996615934
0.1776	-0.602446637080421
0.1777	-0.596453662656545
0.1778	-0.590151172111899
0.1779	-0.583568904922434
0.178	-0.576740061056059
0.1781	-0.569702309099624
0.1782	-0.562498562043727
0.1783	-0.555180650780622
0.1784	-0.547815608484811
0.1785	-0.54047303923833
0.1786	-0.533217789240844
0.1787	-0.526101592577495
0.1788	-0.519164086056666
0.1789	-0.512434950094484
0.179	-0.505934091774584
0.1791	-0.49967137543206
0.1792	-0.493648423941741
0.1793	-0.487862680857427
0.1794	-0.482299582563879
0.1795	-0.476934155670692
0.1796	-0.471729030071051
0.1797	-0.466634468167317
0.1798	-0.461591046076451
0.1799	-0.456541665277962
0.18	-0.451448239535624
0.1801	-0.446301534352115
0.1802	-0.44112251454326
0.1803	-0.435951274781914
0.1804	-0.430848519797433
0.1805	-0.425897484313817
0.1806	-0.421202323733139
0.1807	-0.416878545307119
0.1808	-0.413041090830106
0.1809	-0.409796750208505
0.181	-0.407241230532722
0.1811	-0.405447285903949
0.1812	-0.404453775044277
0.1813	-0.404255243541359
0.1814	-0.404804013494826
0.1815	-0.406023822237752
0.1816	-0.407823774937281
0.1817	-0.410104903276572
0.1818	-0.412761533671497
0.1819	-0.415681854325995
0.182	-0.418759223477847
0.1821	-0.421902212912931
0.1822	-0.425038794332794
0.1823	-0.428108977872056
0.1824	-0.431058376859014
0.1825	-0.433839816619443
0.1826	-0.436418698020345
0.1827	-0.438781171951462
0.1828	-0.440943731783741
0.1829	-0.442958271483514
0.183	-0.444901051755599
0.1831	-0.446858644015175
0.1832	-0.448918485423919
0.1833	-0.451166968408784
0.1834	-0.453686522081895
0.1835	-0.45654834102611
0.1836	-0.459804048561084
0.1837	-0.463480989195252
0.1838	-0.467588797164974
0.1839	-0.472121154288256
0.184	-0.477056604505261
0.1841	-0.482362755809609
0.1842	-0.488006317963688
0.1843	-0.493956983517636
0.1844	-0.500182537944823
0.1845	-0.506646141184813
0.1846	-0.513304948183068
0.1847	-0.520118601292394
0.1848	-0.527042577954216
0.1849	-0.534023951842652
0.185	-0.540999008091756
0.1851	-0.547892350359726
0.1852	-0.554616424093656
0.1853	-0.561078414042886
0.1854	-0.567187463575722
0.1855	-0.572873033809717
0.1856	-0.578089470906139
0.1857	-0.582817762400717
0.1858	-0.587055938968386
0.1859	-0.590804537941419
0.186	-0.594059448456593
0.1861	-0.596818286282855
0.1862	-0.599093037583234
0.1863	-0.60090788304729
0.1864	-0.602289001095196
0.1865	-0.603253020217649
0.1866	-0.60380578122021
0.1867	-0.603942870662892
0.1868	-0.60364748288133
0.1869	-0.602892797879184
0.187	-0.60165151803485
0.1871	-0.599902961849512
0.1872	-0.597629828254003
0.1873	-0.59480882605057
0.1874	-0.591407293277957
0.1875	-0.587383925914764
0.1876	-0.58269091736989
0.1877	-0.577278326716781
0.1878	-0.57110246584509
0.1879	-0.564132699052882
0.188	-0.55635732175767
0.1881	-0.54779158390938
0.1882	-0.538468059893528
0.1883	-0.528430557035207
0.1884	-0.517726159604322
0.1885	-0.506406777968568
0.1886	-0.494533269953127
0.1887	-0.482173015122434
0.1888	-0.469394465943342
0.1889	-0.456262876356657
0.189	-0.442846622562449
0.1891	-0.429201287887942
0.1892	-0.415375238876049
0.1893	-0.401412729454368
0.1894	-0.387364808778184
0.1895	-0.373295638751927
0.1896	-0.359277456435098
0.1897	-0.345380055521499
0.1898	-0.331661128040917
0.1899	-0.31817083986564
0.19	-0.304941850650579
0.1901	-0.292007984404727
0.1902	-0.279411083508787
0.1903	-0.267198531226366
0.1904	-0.255409931808032
0.1905	-0.244064000715479
0.1906	-0.233153705660101
0.1907	-0.222659182316381
0.1908	-0.212547798115526
0.1909	-0.20278966309602
0.191	-0.193366375544279
0.1911	-0.184283018987479
0.1912	-0.175572402717009
0.1913	-0.167284055038786
0.1914	-0.159464346272065
0.1915	-0.152142023539939
0.1916	-0.145332545240956
0.1917	-0.139040447866774
0.1918	-0.133276400476985
0.1919	-0.128066374714448
0.192	-0.123452328048067
0.1921	-0.119479940637206
0.1922	-0.116185271548685
0.1923	-0.113593733673389
0.1924	-0.111727078655898
0.1925	-0.110608067443956
0.1926	-0.110257252871322
0.1927	-0.110691651039854
0.1928	-0.111920151160833
0.1929	-0.113936499192164
0.193	-0.116713928482583
0.1931	-0.120206575856605
0.1932	-0.124354072754778
0.1933	-0.129084989952428
0.1934	-0.134315423882095
0.1935	-0.139956844477496
0.1936	-0.145919491787039
0.1937	-0.152119670803039
0.1938	-0.158484875690512
0.1939	-0.164956069735641
0.194	-0.171488178962178
0.1941	-0.17804909255374
0.1942	-0.184618436141847
0.1943	-0.191181704966731
0.1944	-0.197734081324917
0.1945	-0.204273821937523
0.1946	-0.210802133673138
0.1947	-0.217326720179734
0.1948	-0.223867562839088
0.1949	-0.230459394168655
0.195	-0.237150931803065
0.1951	-0.243995452302425
0.1952	-0.25104889724013
0.1953	-0.258359290330274
0.1954	-0.26596620693963
0.1955	-0.27390311570176
0.1956	-0.282194332851269
0.1957	-0.290848500153633
0.1958	-0.299854442833659
0.1959	-0.309182429889191
0.196	-0.318781340022408
0.1961	-0.328594250804393
0.1962	-0.338561054040497
0.1963	-0.348622952746364
0.1964	-0.358720881520252
0.1965	-0.368794284307633
0.1966	-0.378784274649423
0.1967	-0.388637151326698
0.1968	-0.398304213721246
0.1969	-0.407731557404219
0.197	-0.416868872762862
0.1971	-0.425669581400186
0.1972	-0.434099680178608
0.1973	-0.442141733342117
0.1974	-0.449795981920435
0.1975	-0.457076402349895
0.1976	-0.464000070530808
0.1977	-0.470577270727391
0.1978	-0.476802912560281
0.1979	-0.482664113427802
0.198	-0.488139565612192
0.1981	-0.493202655581092
0.1982	-0.497823104385001
0.1983	-0.501966255883296
0.1984	-0.505590299703028
0.1985	-0.508645319763043
0.1986	-0.511078410578058
0.1987	-0.512837996938118
0.1988	-0.513877224430168
0.1989	-0.514150199845765
0.199	-0.513615257656475
0.1991	-0.512243014761802
0.1992	-0.510021732538675
0.1993	-0.506955284788299
0.1994	-0.503056917980089
0.1995	-0.498350985929138
0.1996	-0.492876361367983
0.1997	-0.486696848792882
0.1998	-0.479904771541335
0.1999	0
0.2	0
