0	0
0.0001	-0.338396996783217
0.0002	-0.358951033175783
0.0003	-0.378880468171509
0.0004	-0.398301066897823
0.0005	-0.417298282665323
0.0006	-0.435899162980519
0.0007	-0.454078023113843
0.0008	-0.471766356140169
0.0009	-0.488848360947246
0.001	-0.50515084694928
0.0011	-0.520451248550308
0.0012	-0.534509293366835
0.0013	-0.547090589569008
0.0014	-0.557939891711402
0.0015	-0.566708980922458
0.0016	-0.572891356112606
0.0017	-0.575829624670509
0.0018	-0.574800609167221
0.0019	-0.569102170309688
0.002	-0.558073890107266
0.0021	-0.54105721261148
0.0022	-0.517349478103406
0.0023	-0.486218320323014
0.0024	-0.446999894980034
0.0025	-0.399229496161916
0.0026	-0.342708502395359
0.0027	-0.277449804086434
0.0028	-0.203564429604992
0.0029	-0.121179115845003
0.003	-0.0304003711812642
0.0031	0.0686837055732736
0.0032	0.175971569849302
0.0033	0.291296026919821
0.0034	0.414385977672232
0.0035	0.544852292712218
0.0036	0.682187883518381
0.0037	0.825775800514208
0.0038	0.974942110918244
0.0039	1.12906043505785
0.004	1.28765886487791
0.0041	1.45045873207345
0.0042	1.61730600990662
0.0043	1.78807030872844
0.0044	1.96257512025103
0.0045	2.14059292473747
0.0046	2.32189350614503
0.0047	2.50628865496615
0.0048	2.69360904740788
0.0049	2.88364494686524
0.005	3.07606671070785
0.0051	3.27038133074512
0.0052	3.4659101685963
0.0053	3.66177255549427
0.0054	3.85690995585074
0.0055	4.05014854402553
0.0056	4.24024476184755
0.0057	4.42591220298899
0.0058	4.60584987185008
0.0059	4.77877960380271
0.006	4.94349995719904
0.0061	5.09889429321204
0.0062	5.24396966375506
0.0063	5.37792872308113
0.0064	5.50025910602966
0.0065	5.61077771065827
0.0066	5.70961097131277
0.0067	5.79712407220183
0.0068	5.87389462459701
0.0069	5.9407210828216
0.007	5.99860370027049
0.0071	6.04867265379216
0.0072	6.09211783493576
0.0073	6.1301564536238
0.0074	6.16402053759304
0.0075	6.1949387090393
0.0076	6.2240881550177
0.0077	6.25253487821722
0.0078	6.28114801848627
0.0079	6.31051551867664
0.008	6.34091460971675
0.0081	6.37237446797276
0.0082	6.40476416230039
0.0083	6.43783287558012
0.0084	6.47121105636992
0.0085	6.50442394222415
0.0086	6.53694048038478
0.0087	6.56822105445934
0.0088	6.59776212117915
0.0089	6.62512498680906
0.009	6.64994773127073
0.0091	6.67190162360226
0.0092	6.690642797188
0.0093	6.70579051484788
0.0094	6.71696091780254
0.0095	6.72383261800454
0.0096	6.726212019014
0.0097	6.72408581706351
0.0098	6.71763659394468
0.0099	6.7072067190296
0.01	6.6932615870894
0.0101	6.67635862606835
0.0102	6.65710504177121
0.0103	6.63610796393172
0.0104	6.61394835152057
0.0105	6.59119936576147
0.0106	6.56849472756506
0.0107	6.54657612040108
0.0108	6.52626090830646
0.0109	6.50837709413577
0.011	6.49371432557347
0.0111	6.48305891302323
0.0112	6.47720050098446
0.0113	6.47689055974153
0.0114	6.48281334377142
0.0115	6.49559831293485
0.0116	6.51581625017853
0.0117	6.5439077507463
0.0118	6.58007795540198
0.0119	6.62423073523554
0.012	6.67596763745808
0.0121	6.73465399131545
0.0122	6.79950396555605
0.0123	6.8696597221046
0.0124	6.94425985112185
0.0125	7.02249035417911
0.0126	7.10360382647486
0.0127	7.18693650837542
0.0128	7.27191619041642
0.0129	7.35806522669411
0.013	7.44501424312711
0.0131	7.53249970404107
0.0132	7.62039858451964
0.0133	7.70873663390085
0.0134	7.79763449234176
0.0135	7.88717763004463
0.0136	7.9773295681975
0.0137	8.06790350922155
0.0138	8.15858092429129
0.0139	8.24890547732769
0.014	8.33831843968629
0.0141	8.42624736728846
0.0142	8.51217262010963
0.0143	8.59561735730244
0.0144	8.67611713631662
0.0145	8.75321896076387
0.0146	8.8264987365134
0.0147	8.8955773121998
0.0148	8.96016025259638
0.0149	9.02011976055563
0.015	9.07554262488993
0.0151	9.12669541930209
0.0152	9.17393386416998
0.0153	9.21759983177304
0.0154	9.25798133214181
0.0155	9.29536828416461
0.0156	9.33012880962817
0.0157	9.36268824935098
0.0158	9.39343093531698
0.0159	9.4226205052887
0.016	9.4503934683367
0.0161	9.47673686915446
0.0162	9.5014466219899
0.0163	9.52414125623912
0.0164	9.54432962756287
0.0165	9.56147099837609
0.0166	9.57499697539185
0.0167	9.5843687313941
0.0168	9.58915711140451
0.0169	9.58905789218198
0.017	9.5838089596483
0.0171	9.57310494971869
0.0172	9.55658160247598
0.0173	9.53387651970371
0.0174	9.50466354285615
0.0175	9.4686851782295
0.0176	9.42579169454152
0.0177	9.37595734318356
0.0178	9.31928989280129
0.0179	9.25599629218167
0.018	9.18636455292489
0.0181	9.11076902525073
0.0182	9.02970280266752
0.0183	8.94380238298755
0.0184	8.85383547693525
0.0185	8.76067565403886
0.0186	8.66521555800042
0.0187	8.56827726010576
0.0188	8.47054359570047
0.0189	8.37257818937363
0.019	8.27485501943227
0.0191	8.17779370425046
0.0192	8.08174697461731
0.0193	7.98696969492217
0.0194	7.89358812156578
0.0195	7.80157889058177
0.0196	7.71077510897518
0.0197	7.62089734921999
0.0198	7.53162755956603
0.0199	7.44271825998602
0.02	7.35407312920118
0.0201	7.265744620098
0.0202	7.17788627551458
0.0203	7.0907319316478
0.0204	7.00461212381347
0.0205	6.91996002203944
0.0206	6.83727535375681
0.0207	6.75705880060448
0.0208	6.67975668471943
0.0209	6.60569612034772
0.021	6.53505925946199
0.0211	6.46790236791702
0.0212	6.40419540450474
0.0213	6.34384204709805
0.0214	6.28666880830842
0.0215	6.23243561729186
0.0216	6.18088798434673
0.0217	6.13178748951552
0.0218	6.0849238463716
0.0219	6.04011776308069
0.022	5.99723095714095
0.0221	5.95617044408972
0.0222	5.91688329438039
0.0223	5.87935758720725
0.0224	5.8436147803735
0.0225	5.80966502581423
0.0226	5.77744650028844
0.0227	5.74678771601248
0.0228	5.71741258363123
0.0229	5.68896442755988
0.023	5.66105796150145
0.0231	5.63333937031384
0.0232	5.60553113307714
0.0233	5.57745634254316
0.0234	5.54901390896594
0.0235	5.52014994976144
0.0236	5.49085786223044
0.0237	5.4612099874688
0.0238	5.43138281973911
0.0239	5.40164195804147
0.024	5.37230497728796
0.0241	5.34368134645665
0.0242	5.31598945900114
0.0243	5.28929845619682
0.0244	5.26353490425682
0.0245	5.2385457375202
0.0246	5.21415452533359
0.0247	5.19018432709284
0.0248	5.16645066928622
0.0249	5.14275468336681
0.025	5.11887797694717
0.0251	5.09458928288764
0.0252	5.06966210234879
0.0253	5.04389902297543
0.0254	5.01713744276775
0.0255	4.98925099953026
0.0256	4.96016101504283
0.0257	4.92984984666668
0.0258	4.89835576250062
0.0259	4.86572670338059
0.026	4.83197516579899
0.0261	4.79704869787133
0.0262	4.76085288556388
0.0263	4.72331286492712
0.0264	4.68444055586684
0.0265	4.64437567340022
0.0266	4.60337523448059
0.0267	4.56175061529984
0.0268	4.51978696541818
0.0269	4.47768963268862
0.027	4.43557291913732
0.0271	4.39349530599159
0.0272	4.35148349645984
0.0273	4.30954988844543
0.0274	4.26768208423214
0.0275	4.22581857155055
0.0276	4.18383680245018
0.0277	4.14155462402426
0.0278	4.09874744481093
0.0279	4.05520068745864
0.028	4.01077785934746
0.0281	3.96545346412546
0.0282	3.91933799226738
0.0283	3.87271039360086
0.0284	3.82605394388536
0.0285	3.78001452174739
0.0286	3.73528974494019
0.0287	3.69252215435984
0.0288	3.652269175144
0.0289	3.61502576656248
0.029	3.58124683328486
0.0291	3.55134535785226
0.0292	3.52569453923772
0.0293	3.50463281447786
0.0294	3.48842530701876
0.0295	3.47718717455107
0.0296	3.47084021614328
0.0297	3.46913862480936
0.0298	3.47173573433088
0.0299	3.47824888076288
0.03	3.48831375897011
0.0301	3.50162972221025
0.0302	3.51798209881718
0.0303	3.53724179939399
0.0304	3.55937445369482
0.0305	3.58445587840249
0.0306	3.61266488781126
0.0307	3.6442701806875
0.0308	3.67960650171033
0.0309	3.7190426835356
0.031	3.7629463693627
0.0311	3.8116668440865
0.0312	3.86553241143145
0.0313	3.92480822725621
0.0314	3.9896200725701
0.0315	4.05987321825756
0.0316	4.13527275427766
0.0317	4.21535287659141
0.0318	4.29956325452802
0.0319	4.38731590575047
0.032	4.47801737196082
0.0321	4.57111025632069
0.0322	4.66603643461389
0.0323	4.76225077193483
0.0324	4.85920490695167
0.0325	4.95643111688372
0.0326	5.05355643311263
0.0327	5.15034251098752
0.0328	5.24662717604998
0.0329	5.34230770433386
0.033	5.43728225413678
0.0331	5.53140355064246
0.0332	5.6245107664781
0.0333	5.71641003846572
0.0334	5.80691128137799
0.0335	5.89578364008775
0.0336	5.98277718827287
0.0337	6.06761604582233
0.0338	6.15004043324232
0.0339	6.22980200911834
0.034	6.30670406748658
0.0341	6.38062394982282
0.0342	6.45150841821953
0.0343	6.51937709902776
0.0344	6.58428117167837
0.0345	6.64629987993014
0.0346	6.70552157540888
0.0347	6.76208609620857
0.0348	6.81618855068063
0.0349	6.86809045422167
0.035	6.91805546058271
0.0351	6.96633250737776
0.0352	7.01314648787445
0.0353	7.05867937813846
0.0354	7.10305523123743
0.0355	7.1463064921417
0.0356	7.18841350182408
0.0357	7.22932448364892
0.0358	7.26901911965838
0.0359	7.3075597822729
0.036	7.34515533702488
0.0361	7.38214010684713
0.0362	7.41892508680809
0.0363	7.45592029296029
0.0364	7.49350205171983
0.0365	7.53205272902897
0.0366	7.57199336130412
0.0367	7.61380424488598
0.0368	7.65798389063457
0.0369	7.70499766303563
0.037	7.75520634153557
0.0371	7.80886642402526
0.0372	7.86615697509102
0.0373	7.92722064013548
0.0374	7.99217142517177
0.0375	8.06109133475833
0.0376	8.13406699426668
0.0377	8.21116452929697
0.0378	8.29244020547879
0.0379	8.37791086633938
0.038	8.46758479039876
0.0381	8.56144288198442
0.0382	8.65947786018146
0.0383	8.76171193882944
0.0384	8.86826700308966
0.0385	8.97936081964024
0.0386	9.09525792796341
0.0387	9.21624252168636
0.0388	9.34253641916001
0.0389	9.47431589713656
0.039	9.61169417279226
0.0391	9.75479211650423
0.0392	9.90370203678437
0.0393	10.0585094620353
0.0394	10.2192466612624
0.0395	10.3859451235386
0.0396	10.5586523044557
0.0397	10.7374269535572
0.0398	10.9223929429236
0.0399	11.1136710143559
0.04	11.3114317900036
0.0401	11.515868447863
0.0402	11.7272718476627
0.0403	11.9459294689198
0.0404	12.1721227906038
0.0405	12.4060227443654
0.0406	12.6477407170334
0.0407	12.8973079591895
0.0408	13.1546344736077
0.0409	13.4195667163056
0.041	13.6918656777803
0.0411	13.9712807513966
0.0412	14.2574335172648
0.0413	14.5498531890621
0.0414	14.8479238298675
0.0415	15.1510058157524
0.0416	15.4583507860856
0.0417	15.7691794387282
0.0418	16.0826728324894
0.0419	16.3979770152229
0.042	16.7143400958122
0.0421	17.0310099215464
0.0422	17.3472700085593
0.0423	17.6622747465527
0.0424	17.9752331369699
0.0425	18.2854104515863
0.0426	18.5921869766251
0.0427	18.8949448209815
0.0428	19.1931575715744
0.0429	19.4864146282116
0.043	19.774369822905
0.0431	20.0568329518959
0.0432	20.3336303371802
0.0433	20.6046452988592
0.0434	20.8696859763598
0.0435	21.1285661071928
0.0436	21.3809460072235
0.0437	21.6264076273537
0.0438	21.8644578448259
0.0439	22.0946957646808
0.044	22.3168168444485
0.0441	22.5304172287408
0.0442	22.7349006606258
0.0443	22.9294431272099
0.0444	23.1132351748361
0.0445	23.2855058903018
0.0446	23.4454955878567
0.0447	23.5923741772523
0.0448	23.7253761738581
0.0449	23.8438986636702
0.045	23.9475003512182
0.0451	24.0357934915765
0.0452	24.1084069798933
0.0453	24.165062211163
0.0454	24.2056308509578
0.0455	24.2301503388665
0.0456	24.2387714026392
0.0457	24.231817013437
0.0458	24.2097321664114
0.0459	24.1730033902021
0.046	24.1221066007448
0.0461	24.0575096798913
0.0462	23.9796674445748
0.0463	23.8890489750482
0.0464	23.7861245231011
0.0465	23.6713689427098
0.0466	23.5451628566573
0.0467	23.4077979287941
0.0468	23.2594908891544
0.0469	23.1005084201474
0.047	22.931143774013
0.0471	22.7517110435262
0.0472	22.5624557209659
0.0473	22.3635973421061
0.0474	22.1553489416587
0.0475	21.9378438927359
0.0476	21.7111975026885
0.0477	21.4755054681932
0.0478	21.2309417330698
0.0479	20.9776196718018
0.048	20.7156554751373
0.0481	20.4451592567236
0.0482	20.1663820535323
0.0483	19.8795999143843
0.0484	19.5851604226606
0.0485	19.2835679528173
0.0486	18.9754028573593
0.0487	18.6614242616834
0.0488	18.3424823950799
0.0489	18.0195813652656
0.049	17.6937023158624
0.0491	17.3658556131771
0.0492	17.0370201190483
0.0493	16.7082369294018
0.0494	16.3804874958501
0.0495	16.0546427622178
0.0496	15.7315147544997
0.0497	15.4118242085136
0.0498	15.0962634820482
0.0499	14.7853402589517
0.05	14.4794467732619
0.0501	14.1788053476285
0.0502	13.8835937965785
0.0503	13.5938884054645
0.0504	13.3098108237506
0.0505	13.0315438300132
0.0506	12.7593996349052
0.0507	12.4938182118022
0.0508	12.2352641788564
0.0509	11.9842594313048
0.051	11.741290697164
0.0511	11.5069206229592
0.0512	11.2817736114941
0.0513	11.0665720847951
0.0514	10.8619762794755
0.0515	10.6685963812532
0.0516	10.4869835679294
0.0517	10.317717104976
0.0518	10.161367671235
0.0519	10.0183593148298
0.052	9.88902799238154
0.0521	9.77361769198932
0.0522	9.67231631423138
0.0523	9.5852336499033
0.0524	9.51247433214729
0.0525	9.45415609849723
0.0526	9.41039755111715
0.0527	9.38127657522725
0.0528	9.36684512119626
0.0529	9.36712068723367
0.053	9.38202778722177
0.0531	9.41134989933565
0.0532	9.45476202391419
0.0533	9.51185087114816
0.0534	9.58213910411005
0.0535	9.66513314261314
0.0536	9.76044063564228
0.0537	9.86774820791741
0.0538	9.98673417671532
0.0539	10.1169838179241
0.054	10.2580355543319
0.0541	10.4094858678314
0.0542	10.5709296957997
0.0543	10.7419412729565
0.0544	10.9220558367191
0.0545	11.1108986696776
0.0546	11.3081104306677
0.0547	11.513350156097
0.0548	11.7262429294968
0.0549	11.9464749926435
0.055	12.1737401256183
0.0551	12.4076705503741
0.0552	12.6479069104337
0.0553	12.8940470326249
0.0554	13.1456915077852
0.0555	13.4023380911379
0.0556	13.6634603955288
0.0557	13.9284305126219
0.0558	14.1965901304911
0.0559	14.4671849234911
0.056	14.7394428821758
0.0561	15.0125759802115
0.0562	15.2857513648616
0.0563	15.5581930464218
0.0564	15.8291073084973
0.0565	16.0977962009462
0.0566	16.3635845462391
0.0567	16.6259265899713
0.0568	16.8843679451813
0.0569	17.1386111978517
0.057	17.38839142065
0.0571	17.6335044805641
0.0572	17.8737781226494
0.0573	18.1090494221446
0.0574	18.3392234242687
0.0575	18.5641418023267
0.0576	18.783670649096
0.0577	18.9976448367054
0.0578	19.2059429573924
0.0579	19.4084122025625
0.058	19.6049130997638
0.0581	19.7952785041769
0.0582	19.979357447892
0.0583	20.1569524494179
0.0584	20.3277793490318
0.0585	20.4915076133809
0.0586	20.6477149221967
0.0587	20.7959837747571
0.0588	20.935893051657
0.0589	21.0670735754767
0.059	21.1891417989309
0.0591	21.3017652988937
0.0592	21.4046382724515
0.0593	21.4975379741736
0.0594	21.5803072485892
0.0595	21.6528654038065
0.0596	21.7152675443954
0.0597	21.7676577189444
0.0598	21.8102611275275
0.0599	21.8433587808431
0.06	21.8673326921868
0.0601	21.882661772922
0.0602	21.8898754366728
0.0603	21.8895206454013
0.0604	21.8821660627992
0.0605	21.8684024214411
0.0606	21.8488371846033
0.0607	21.824077417426
0.0608	21.7947238227036
0.0609	21.761359805874
0.061	21.7245829295677
0.0611	21.6849607611279
0.0612	21.6430360353822
0.0613	21.5992748318339
0.0614	21.5540637997112
0.0615	21.5076759634073
0.0616	21.4603098220332
0.0617	21.4120909595747
0.0618	21.3630634779413
0.0619	21.3132176732724
0.062	21.2624983345888
0.0621	21.2108367632181
0.0622	21.1581413657141
0.0623	21.1043416906931
0.0624	21.0494299045954
0.0625	20.9935188293457
0.0626	20.9368295755486
0.0627	20.879701643189
0.0628	20.8225637310203
0.0629	20.7659469621886
0.063	20.7104059090385
0.0631	20.6565528049047
0.0632	20.6050190163333
0.0633	20.5564778768308
0.0634	20.5115853821365
0.0635	20.4709537880172
0.0636	20.4351552453264
0.0637	20.4046816252871
0.0638	20.3799609439928
0.0639	20.3613340768936
0.064	20.349083269838
0.0641	20.3434352716125
0.0642	20.3445645025111
0.0643	20.3526152910501
0.0644	20.3677078081168
0.0645	20.3899526448904
0.0646	20.4193922259787
0.0647	20.4560279896263
0.0648	20.4998142212255
0.0649	20.5506993649024
0.065	20.6086498072691
0.0651	20.6735997280666
0.0652	20.7454349783381
0.0653	20.8240105945563
0.0654	20.9091957974948
0.0655	21.0008367402496
0.0656	21.0988041535079
0.0657	21.2029874483216
0.0658	21.3132683316236
0.0659	21.4295488304615
0.066	21.5516609896582
0.0661	21.6794149323324
0.0662	21.8125817583685
0.0663	21.9509525948777
0.0664	22.0942760439849
0.0665	22.2422551869833
0.0666	22.3945162062555
0.0667	22.5506836686866
0.0668	22.7103642636541
0.0669	22.8732338345137
0.067	23.0389262093556
0.0671	23.2070408385521
0.0672	23.3772070963123
0.0673	23.549071574759
0.0674	23.7223512639034
0.0675	23.8967371833266
0.0676	24.0719277028506
0.0677	24.2476296915963
0.0678	24.4236540105141
0.0679	24.5998404499857
0.068	24.7760307056607
0.0681	24.9521215485738
0.0682	25.1280257044758
0.0683	25.3037505744931
0.0684	25.4793266757688
0.0685	25.6548147619864
0.0686	25.8302478119456
0.0687	26.0056789548762
0.0688	26.1811291706875
0.0689	26.3565943652932
0.069	26.5319816369284
0.0691	26.7071934372092
0.0692	26.8820676453437
0.0693	27.0564192593189
0.0694	27.2300494823162
0.0695	27.4026749493834
0.0696	27.574005363099
0.0697	27.7436936011255
0.0698	27.9114030590509
0.0699	28.0767711542981
0.07	28.2394728601212
0.0701	28.3991724802731
0.0702	28.5555572442441
0.0703	28.7083771350163
0.0704	28.8574262471426
0.0705	29.0025692156498
0.0706	29.143704973458
0.0707	29.2807577784259
0.0708	29.4136919448396
0.0709	29.5425521401981
0.071	29.6674546995406
0.0711	29.788625971549
0.0712	29.9063111334432
0.0713	30.0207691727528
0.0714	30.1322155858524
0.0715	30.2407915346876
0.0716	30.3466383316797
0.0717	30.4498374672642
0.0718	30.550461757251
0.0719	30.6485836811305
0.072	30.7442732349954
0.0721	30.8375810152638
0.0722	30.9285790717339
0.0723	31.0173246098015
0.0724	31.1038977503747
0.0725	31.1883905553157
0.0726	31.2708590832345
0.0727	31.3513611886345
0.0728	31.4299273967235
0.0729	31.5065728958591
0.073	31.5812900772948
0.0731	31.6540446570692
0.0732	31.7247794124325
0.0733	31.7934021181277
0.0734	31.859814824374
0.0735	31.9239807501452
0.0736	31.9859456520673
0.0737	32.0458239833567
0.0738	32.1037764020024
0.0739	32.1600231431661
0.074	32.2148470449117
0.0741	32.2685494578567
0.0742	32.3214738034763
0.0743	32.3739898498335
0.0744	32.4265402305052
0.0745	32.4795712495956
0.0746	32.5334986878778
0.0747	32.5886700040665
0.0748	32.6453630890752
0.0749	32.7038261456165
0.075	32.7642384493445
0.0751	32.8267267863483
0.0752	32.8913581405028
0.0753	32.9581485469185
0.0754	33.0270522358648
0.0755	33.0979295901539
0.0756	33.1705449714571
0.0757	33.2445946275557
0.0758	33.3197352587874
0.0759	33.3955930322981
0.076	33.4718074352644
0.0761	33.5479856474125
0.0762	33.6238358040903
0.0763	33.6990794433094
0.0764	33.7735046507198
0.0765	33.8468905328743
0.0766	33.9190481209657
0.0767	33.989786679767
0.0768	34.0589688958705
0.0769	34.1265005742789
0.077	34.1923411202861
0.0771	34.256507060377
0.0772	34.3190212887105
0.0773	34.3799149949546
0.0774	34.439190547466
0.0775	34.4968258307748
0.0776	34.5527979532705
0.0777	34.607076575602
0.0778	34.6596383619508
0.0779	34.7104835923685
0.078	34.7595931802885
0.0781	34.8069022920352
0.0782	34.8522883688219
0.0783	34.8955653501272
0.0784	34.9365383208778
0.0785	34.9750012971949
0.0786	35.0107623141534
0.0787	35.0435909854021
0.0788	35.0732535593973
0.0789	35.0995058852588
0.079	35.1221000428419
0.0791	35.1408198825628
0.0792	35.1554718511971
0.0793	35.1659239536877
0.0794	35.1721113598858
0.0795	35.1740607886191
0.0796	35.1718711275335
0.0797	35.1656761588785
0.0798	35.1556208256155
0.0799	35.1418413145354
0.08	35.1244846593987
0.0801	35.1037215964974
0.0802	35.0797084954435
0.0803	35.0525827048249
0.0804	35.0224525100619
0.0805	34.9893834243931
0.0806	34.9534190683932
0.0807	34.9145823313563
0.0808	34.8728776479708
0.0809	34.8282997962439
0.081	34.7808266835253
0.0811	34.7304277759209
0.0812	34.6770268040522
0.0813	34.6205546228478
0.0814	34.5609547741952
0.0815	34.4981659265688
0.0816	34.4321499473703
0.0817	34.3629092095666
0.0818	34.2905112476615
0.0819	34.2150349210641
0.082	34.1365870287524
0.0821	34.0553216466416
0.0822	33.9714492637074
0.0823	33.8852347385753
0.0824	33.7969794034787
0.0825	33.7070265818701
0.0826	33.6157432626446
0.0827	33.5235359532976
0.0828	33.4308174911715
0.0829	33.3379845898445
0.083	33.2453774877761
0.0831	33.1533075265761
0.0832	33.0620271837599
0.0833	32.971776781589
0.0834	32.8827432251058
0.0835	32.7950573458716
0.0836	32.7088314016247
0.0837	32.6241236649917
0.0838	32.5409684609793
0.0839	32.459325422013
0.084	32.3791227908202
0.0841	32.3002400031817
0.0842	32.2225435534379
0.0843	32.145882804623
0.0844	32.0701089586813
0.0845	31.9951056546339
0.0846	31.9208023293179
0.0847	31.8471398521882
0.0848	31.7740365026805
0.0849	31.7014078084437
0.085	31.629149128586
0.0851	31.5571650992073
0.0852	31.4853759924075
0.0853	31.4137295637863
0.0854	31.3422185524243
0.0855	31.2708448665859
0.0856	31.1996065979886
0.0857	31.1284812859485
0.0858	31.057481436145
0.0859	30.9866284481926
0.086	30.9159890761008
0.0861	30.8456191202104
0.0862	30.7756263392647
0.0863	30.7061256397518
0.0864	30.6372543473111
0.0865	30.5691504609618
0.0866	30.5019786172034
0.0867	30.4358862975501
0.0868	30.3709860398419
0.0869	30.3073331466149
0.087	30.2449210986503
0.0871	30.1837344051647
0.0872	30.1237531204935
0.0873	30.0649829659487
0.0874	30.0074444877423
0.0875	29.9511729580762
0.0876	29.8961793100133
0.0877	29.8424616445024
0.0878	29.7900046938427
0.0879	29.7388008656137
0.088	29.6888406322254
0.0881	29.6400934388476
0.0882	29.5925421153847
0.0883	29.546185152623
0.0884	29.5010561600429
0.0885	29.4571630908692
0.0886	29.4144735249646
0.0887	29.3729405355541
0.0888	29.332537878176
0.0889	29.2932223722428
0.089	29.2549349004194
0.0891	29.2176239590932
0.0892	29.1812468134728
0.0893	29.1457840917991
0.0894	29.1112063536506
0.0895	29.0774830825094
0.0896	29.0445546302374
0.0897	29.0123763098835
0.0898	28.9808960558138
0.0899	28.950058561207
0.09	28.9198237688306
0.0901	28.8901341720424
0.0902	28.8609312551977
0.0903	28.8321021680641
0.0904	28.8035210295212
0.0905	28.7750388575943
0.0906	28.7465187544223
0.0907	28.7178460674324
0.0908	28.6889292468614
0.0909	28.6597012572997
0.091	28.6301378465907
0.0911	28.6002616416075
0.0912	28.5701184148619
0.0913	28.5397920880007
0.0914	28.5093681279452
0.0915	28.4789826726707
0.0916	28.4487440793047
0.0917	28.4187629699752
0.0918	28.389149681519
0.0919	28.3600440458263
0.092	28.3315773516243
0.0921	28.3038106360226
0.0922	28.2767400791878
0.0923	28.2503294022595
0.0924	28.2245310465636
0.0925	28.1992381237964
0.0926	28.1742789776641
0.0927	28.149478200771
0.0928	28.1247040680668
0.0929	28.0998555505035
0.093	28.0748277475161
0.0931	28.0495100466577
0.0932	28.0238070414025
0.0933	27.9976501022191
0.0934	27.9710010799394
0.0935	27.9438428125701
0.0936	27.9161694078373
0.0937	27.8879830802853
0.0938	27.8592817839062
0.0939	27.8300788696562
0.094	27.8003625714264
0.0941	27.7701125235842
0.0942	27.7393208066233
0.0943	27.7079893241217
0.0944	27.6761104514561
0.0945	27.6436149940337
0.0946	27.6103628326607
0.0947	27.5761627450506
0.0948	27.5408030269695
0.0949	27.5040424836938
0.095	27.4656271955399
0.0951	27.4252950805732
0.0952	27.3828115369746
0.0953	27.3379194719497
0.0954	27.2903394918906
0.0955	27.2397784239795
0.0956	27.1859806703206
0.0957	27.1287231017821
0.0958	27.0678236916504
0.0959	27.0031370084241
0.096	26.9345785221241
0.0961	26.8621463251397
0.0962	26.7858784874607
0.0963	26.7058664945572
0.0964	26.6222077726325
0.0965	26.5350567866737
0.0966	26.4446042898097
0.0967	26.3510492083301
0.0968	26.2546648589356
0.0969	26.1557304565552
0.097	26.0545492661348
0.0971	25.9513805631717
0.0972	25.846445712725
0.0973	25.7398934822697
0.0974	25.631832580741
0.0975	25.5223539898957
0.0976	25.4115598612017
0.0977	25.2995012035208
0.0978	25.1861665631843
0.0979	25.0714758434529
0.098	24.9552811095173
0.0981	24.8374356387501
0.0982	24.7177610743734
0.0983	24.5961048337611
0.0984	24.4723126741771
0.0985	24.3462924232761
0.0986	24.217952912703
0.0987	24.087265517309
0.0988	23.9542436058003
0.0989	23.8189170811637
0.099	23.6813480538312
0.0991	23.5415951738158
0.0992	23.3997576260545
0.0993	23.2559600566152
0.0994	23.1103574061319
0.0995	22.9631030447262
0.0996	22.8143876943157
0.0997	22.6644099495849
0.0998	22.5134057864589
0.0999	22.3615681422227
0.1	22.209104904484
0.1001	22.0562087114098
0.1002	21.9030359852272
0.1003	21.7497239889364
0.1004	21.5963624034783
0.1005	21.4430465927022
0.1006	21.2898299939281
0.1007	21.1367735817852
0.1008	20.9838335135139
0.1009	20.8309201475277
0.101	20.6779076041078
0.1011	20.5246528557873
0.1012	20.3710547588805
0.1013	20.2169817452224
0.1014	20.0623308236011
0.1015	19.9069854980046
0.1016	19.7508849928611
0.1017	19.5939529095598
0.1018	19.4361568213044
0.1019	19.2774925109677
0.102	19.1180103286541
0.1021	18.9577347165036
0.1022	18.7967019070398
0.1023	18.6349481430856
0.1024	18.4725089848857
0.1025	18.3094639467692
0.1026	18.1458581650892
0.1027	17.9817240632458
0.1028	17.817064616563
0.1029	17.6518871951325
0.103	17.4861261438339
0.1031	17.3196937233186
0.1032	17.1524697811708
0.1033	16.9843139736034
0.1034	16.8151044851354
0.1035	16.6446666983074
0.1036	16.4728175184445
0.1037	16.2993360755248
0.1038	16.1240479488268
0.1039	15.9467571683927
0.104	15.7673197267623
0.1041	15.5855865950262
0.1042	15.4014561235994
0.1043	15.2147822875283
0.1044	15.0254401412868
0.1045	14.8333114507667
0.1046	14.6382805111183
0.1047	14.4402848218204
0.1048	14.2392279292257
0.1049	14.0350240040365
0.105	13.8275735704015
0.1051	13.6168198147115
0.1052	13.4026720446392
0.1053	13.1850672948115
0.1054	12.9639598182081
0.1055	12.7392993941929
0.1056	12.5111118459396
0.1057	12.2793958024718
0.1058	12.0441980016143
0.1059	11.8055854385953
0.106	11.5637081090512
0.1061	11.3186866157251
0.1062	11.0706782965148
0.1063	10.8198293612609
0.1064	10.5663584039578
0.1065	10.3104623375933
0.1066	10.0523957665127
0.1067	9.79246100611408
0.1068	9.53097612108166
0.1069	9.26834627739566
0.107	9.00495256538142
0.1071	8.74123747274427
0.1072	8.47766201244315
0.1073	8.21477662137471
0.1074	7.95307947286284
0.1075	7.69305597930281
0.1076	7.43511666691239
0.1077	7.1795505948395
0.1078	6.92656894910237
0.1079	6.67615833634881
0.108	6.42815663177953
0.1081	6.18223468574939
0.1082	5.93801143337822
0.1083	5.69498404747316
0.1084	5.45265425613485
0.1085	5.21055724070567
0.1086	4.96838003252583
0.1087	4.7258728624023
0.1088	4.48292653684047
0.1089	4.23956013075343
0.109	3.99592547500646
0.1091	3.75239956788329
0.1092	3.50948018218469
0.1093	3.26785369972197
0.1094	3.02832391859857
0.1095	2.79183011738894
0.1096	2.55928464175381
0.1097	2.33161493827492
0.1098	2.10972644291138
0.1099	1.89446815581809
0.11	1.68667172338439
0.1101	1.48703744066634
0.1102	1.2961764493723
0.1103	1.11455256468867
0.1104	0.942521795645291
0.1105	0.780258905083855
0.1106	0.627825623289141
0.1107	0.485141759559639
0.1108	0.352021582254622
0.1109	0.228128498324111
0.111	0.113051830411095
0.1111	0.0063183583055064
0.1112	-0.0925928884452816
0.1113	-0.184187779139776
0.1114	-0.268967600170669
0.1115	-0.347380398636375
0.1116	-0.419825190443717
0.1117	-0.486617628254137
0.1118	-0.548004286247874
0.1119	-0.60412661877001
0.112	-0.655028714809312
0.1121	-0.700677697428688
0.1122	-0.74097297744342
0.1123	-0.775788540609398
0.1124	-0.804984930564405
0.1125	-0.82844946158481
0.1126	-0.846127562826767
0.1127	-0.858061449841342
0.1128	-0.864394441515684
0.1129	-0.865372315770335
0.113	-0.861339898000939
0.1131	-0.852741149801076
0.1132	-0.840123964773268
0.1133	-0.824133619172731
0.1134	-0.805487218393658
0.1135	-0.784949515152501
0.1136	-0.76329909008933
0.1137	-0.741314051439634
0.1138	-0.719751858781756
0.1139	-0.699338242819184
0.114	-0.680728088667806
0.1141	-0.664469336883585
0.1142	-0.650962614277082
0.1143	-0.640442538963219
0.1144	-0.632992831642953
0.1145	-0.628573516690737
0.1146	-0.627047859644289
0.1147	-0.628179995101335
0.1148	-0.631624166344438
0.1149	-0.636936224855586
0.115	-0.643615219895379
0.1151	-0.651162080303751
0.1152	-0.659124414065882
0.1153	-0.667118810124711
0.1154	-0.67482776676052
0.1155	-0.681999644868297
0.1156	-0.688459969536513
0.1157	-0.694124628408371
0.1158	-0.699013735406947
0.1159	-0.703249891822808
0.116	-0.707047345618309
0.1161	-0.710691453901103
0.1162	-0.714520512141722
0.1163	-0.718913177343766
0.1164	-0.724282546969444
0.1165	-0.731067190659701
0.1166	-0.739710276873787
0.1167	-0.750639375678775
0.1168	-0.764243029685694
0.1169	-0.780856108372841
0.117	-0.800737794602401
0.1171	-0.824067440672223
0.1172	-0.850942512558081
0.1173	-0.881393221846679
0.1174	-0.915384127198891
0.1175	-0.952839374499256
0.1176	-0.993647590778792
0.1177	-1.03767721560365
0.1178	-1.08478403611707
0.1179	-1.13478616092701
0.118	-1.18747613430195
0.1181	-1.24261411961126
0.1182	-1.29995936579456
0.1183	-1.35926871654495
0.1184	-1.42032370753377
0.1185	-1.48291169082793
0.1186	-1.54682511916809
0.1187	-1.61185751943189
0.1188	-1.67777950627111
0.1189	-1.74437584007254
0.119	-1.81143552726692
0.1191	-1.87875760153489
0.1192	-1.94611733736448
0.1193	-2.01330136292617
0.1194	-2.08011561163498
0.1195	-2.14642553554194
0.1196	-2.21213829036213
0.1197	-2.27720685937938
0.1198	-2.34156615211943
0.1199	-2.40511174939037
0.12	-2.46772240542811
0.1201	-2.52927935594012
0.1202	-2.5897014680466
0.1203	-2.64888956171427
0.1204	-2.70669269174874
0.1205	-2.76287933267871
0.1206	-2.81717775969774
0.1207	-2.86927802354099
0.1208	-2.91885137732791
0.1209	-2.96556410030859
0.121	-3.00906446547658
0.1211	-3.04898865324335
0.1212	-3.08494687128795
0.1213	-3.1165517734552
0.1214	-3.14343817140002
0.1215	-3.16528241439584
0.1216	-3.18177835931217
0.1217	-3.1926388758441
0.1218	-3.19762850810645
0.1219	-3.19662187709936
0.122	-3.18962537949871
0.1221	-3.17676802574178
0.1222	-3.1582704670331
0.1223	-3.13444181469153
0.1224	-3.10566612930678
0.1225	-3.07238040822608
0.1226	-3.03502495784864
0.1227	-2.99403069865482
0.1228	-2.94980454981137
0.1229	-2.90273604701563
0.123	-2.85316494649341
0.1231	-2.8013545794866
0.1232	-2.74751554789407
0.1233	-2.69179568661096
0.1234	-2.63428869388548
0.1235	-2.5750284859858
0.1236	-2.51404058503076
0.1237	-2.45135734437781
0.1238	-2.38703907335287
0.1239	-2.32113421871047
0.124	-2.25368813764133
0.1241	-2.18473577962877
0.1242	-2.1143493728092
0.1243	-2.04263883096344
0.1244	-1.96973732386634
0.1245	-1.89581199392606
0.1246	-1.82100442358151
0.1247	-1.74542833276155
0.1248	-1.66916957130451
0.1249	-1.59235632998472
0.125	-1.51516926288605
0.1251	-1.43786477740854
0.1252	-1.36073802441095
0.1253	-1.28408462808987
0.1254	-1.20818269015142
0.1255	-1.13329077750195
0.1256	-1.05972983916057
0.1257	-0.987838206252434
0.1258	-0.917995302744814
0.1259	-0.850566014076435
0.126	-0.785872980797109
0.1261	-0.72418785083029
0.1262	-0.665729362884576
0.1263	-0.610666131550246
0.1264	-0.559113024406514
0.1265	-0.511161359083594
0.1266	-0.466835768960927
0.1267	-0.426142363007614
0.1268	-0.38908931901242
0.1269	-0.355698904798068
0.127	-0.325990561979317
0.1271	-0.299954397340066
0.1272	-0.27754374401032
0.1273	-0.258694459077031
0.1274	-0.243370284135302
0.1275	-0.231570890440702
0.1276	-0.22333862536335
0.1277	-0.218718655336656
0.1278	-0.217714074103603
0.1279	-0.220270572362895
0.128	-0.226302711533883
0.1281	-0.23573686465256
0.1282	-0.248532606151933
0.1283	-0.264692022580025
0.1284	-0.284227346637227
0.1285	-0.307121009977465
0.1286	-0.333301392516546
0.1287	-0.362653356602685
0.1288	-0.395046875399295
0.1289	-0.430356993859753
0.129	-0.468476817886938
0.1291	-0.50928834694799
0.1292	-0.552688353685461
0.1293	-0.598562045272743
0.1294	-0.646792900546117
0.1295	-0.697260780276778
0.1296	-0.749822799921148
0.1297	-0.804290737952101
0.1298	-0.860426070093624
0.1299	-0.917952611444335
0.13	-0.976514296003117
0.1301	-1.03571859906631
0.1302	-1.09512518360458
0.1303	-1.15430420206859
0.1304	-1.21287312446205
0.1305	-1.2704962760112
0.1306	-1.32687171449241
0.1307	-1.38172610596338
0.1308	-1.43481642242722
0.1309	-1.48588590372868
0.131	-1.53471121924228
0.1311	-1.58109222783872
0.1312	-1.6248821819712
0.1313	-1.66598142141631
0.1314	-1.70431009342555
0.1315	-1.73978988161417
0.1316	-1.77233305275397
0.1317	-1.80183961266778
0.1318	-1.82817270875915
0.1319	-1.85119952380143
0.132	-1.87080753090598
0.1321	-1.88693556180955
0.1322	-1.89957718412493
0.1323	-1.90876912462498
0.1324	-1.91458803014971
0.1325	-1.91714610057167
0.1326	-1.91657491947374
0.1327	-1.91300644703571
0.1328	-1.90655595209431
0.1329	-1.89731736649241
0.133	-1.88537447295342
0.1331	-1.87080965427426
0.1332	-1.85370206671147
0.1333	-1.83411202765637
0.1334	-1.81207947407973
0.1335	-1.78766533819057
0.1336	-1.7609562676831
0.1337	-1.73207349275064
0.1338	-1.70115004426362
0.1339	-1.66832656763358
0.134	-1.63376269249808
0.1341	-1.59762458868811
0.1342	-1.56006173773414
0.1343	-1.52120439952424
0.1344	-1.48122771339535
0.1345	-1.44034817717385
0.1346	-1.39884842305303
0.1347	-1.35705053854906
0.1348	-1.315290441839
0.1349	-1.27388867267908
0.135	-1.23312714739976
0.1351	-1.19324558496395
0.1352	-1.15445178493469
0.1353	-1.116965340882
0.1354	-1.08097826685717
0.1355	-1.04664969789626
0.1356	-1.01408191567035
0.1357	-0.98332332111962
0.1358	-0.954369256172363
0.1359	-0.92715350458446
0.136	-0.90155626866445
0.1361	-0.877437858636554
0.1362	-0.854693290047393
0.1363	-0.833246209356922
0.1364	-0.813049769901813
0.1365	-0.794061958203866
0.1366	-0.776234614142869
0.1367	-0.759522972346314
0.1368	-0.743910462757256
0.1369	-0.729417658291755
0.137	-0.716103291890899
0.1371	-0.704040823084179
0.1372	-0.693319654514166
0.1373	-0.684029844080985
0.1374	-0.676249062841357
0.1375	-0.670039588479375
0.1376	-0.665450589406078
0.1377	-0.662512880209603
0.1378	-0.661229785391258
0.1379	-0.661575456291331
0.138	-0.663505839762017
0.1381	-0.666971287463134
0.1382	-0.671909872999776
0.1383	-0.678224753935544
0.1384	-0.685775020261117
0.1385	-0.694392595078865
0.1386	-0.703907613597666
0.1387	-0.714163881448314
0.1388	-0.725005151695573
0.1389	-0.736266672951103
0.139	-0.747765706463568
0.1391	-0.759322911004238
0.1392	-0.770788386620842
0.1393	-0.782041976141391
0.1394	-0.79297079414804
0.1395	-0.803453432499868
0.1396	-0.813356739665187
0.1397	-0.822521829256486
0.1398	-0.830776303608513
0.1399	-0.837954292116348
0.14	-0.843931462368916
0.1401	-0.848634023620687
0.1402	-0.85201376483773
0.1403	-0.854013707220626
0.1404	-0.854557799709966
0.1405	-0.853564074625985
0.1406	-0.850958068179572
0.1407	-0.846676570541128
0.1408	-0.84067356968071
0.1409	-0.832924322904621
0.141	-0.823420964124232
0.1411	-0.81215897031532
0.1412	-0.799134288496738
0.1413	-0.784352038978366
0.1414	-0.767846082842958
0.1415	-0.749673820170514
0.1416	-0.729939198073808
0.1417	-0.708804751161836
0.1418	-0.686489807721621
0.1419	-0.663263417073459
0.142	-0.639438489949171
0.1421	-0.61535755635007
0.1422	-0.591358522470067
0.1423	-0.567763146013583
0.1424	-0.544851006192161
0.1425	-0.522890488859151
0.1426	-0.502140980059114
0.1427	-0.482839081762972
0.1428	-0.465185255035312
0.1429	-0.449347516468951
0.143	-0.435468672265308
0.1431	-0.423658538590569
0.1432	-0.413988617979529
0.1433	-0.40648102119432
0.1434	-0.401133721429359
0.1435	-0.397937095548498
0.1436	-0.396875570534623
0.1437	-0.397911075139301
0.1438	-0.400964667717379
0.1439	-0.405914940963457
0.144	-0.412622556616498
0.1441	-0.420959841242267
0.1442	-0.430843543915129
0.1443	-0.442232242228602
0.1444	-0.455099924171691
0.1445	-0.46940257742472
0.1446	-0.48507218815783
0.1447	-0.502034880131347
0.1448	-0.520225717006795
0.1449	-0.539589695690811
0.145	-0.560061924694125
0.1451	-0.581581071534913
0.1452	-0.604073945204632
0.1453	-0.627450133308947
0.1454	-0.65160014595002
0.1455	-0.676406325960905
0.1456	-0.701762760807391
0.1457	-0.727602286357161
0.1458	-0.753890616015347
0.1459	-0.780627931777829
0.146	-0.807794861977946
0.1461	-0.835335320855464
0.1462	-0.863155317471907
0.1463	-0.891133262237837
0.1464	-0.919147984201494
0.1465	-0.947106563629212
0.1466	-0.974945307901969
0.1467	-1.00259172578523
0.1468	-1.02998077663341
0.1469	-1.05705130985837
0.147	-1.08377066428616
0.1471	-1.11014300946791
0.1472	-1.13620303634535
0.1473	-1.16200319442567
0.1474	-1.18760058200363
0.1475	-1.21305512825838
0.1476	-1.23841039230815
0.1477	-1.26370569668209
0.1478	-1.28894318593802
0.1479	-1.31408626412308
0.148	-1.33906936779182
0.1481	-1.3638121545566
0.1482	-1.38822629492808
0.1483	-1.41221583052489
0.1484	-1.43568146233564
0.1485	-1.45849388196898
0.1486	-1.48050154060795
0.1487	-1.50153171285895
0.1488	-1.52143193461468
0.1489	-1.54009849439662
0.149	-1.55747513468047
0.1491	-1.57352657119696
0.1492	-1.58820619624619
0.1493	-1.60143875672269
0.1494	-1.61311503350504
0.1495	-1.62312994367232
0.1496	-1.63140958233414
0.1497	-1.63793904174178
0.1498	-1.6427487198051
0.1499	-1.64587450396631
0.15	-1.64732020958388
0.1501	-1.64705336582288
0.1502	-1.64503448517246
0.1503	-1.64125410965452
0.1504	-1.63575277011113
0.1505	-1.62861486288261
0.1506	-1.61993180798973
0.1507	-1.60976273662797
0.1508	-1.59812481802371
0.1509	-1.58501209232117
0.151	-1.57041631881159
0.1511	-1.55435138826541
0.1512	-1.53685325594119
0.1513	-1.51800596169521
0.1514	-1.49794074885827
0.1515	-1.47681483958702
0.1516	-1.45477688921018
0.1517	-1.43194359886729
0.1518	-1.40839996122182
0.1519	-1.38421623950067
0.152	-1.35948881222636
0.1521	-1.33434155046204
0.1522	-1.30894515423314
0.1523	-1.28349380578087
0.1524	-1.25815880240008
0.1525	-1.2330483809387
0.1526	-1.20821022336173
0.1527	-1.18367270005491
0.1528	-1.15948444566999
0.1529	-1.13574577445029
0.153	-1.11257380958735
0.1531	-1.09008656175378
0.1532	-1.06837319691704
0.1533	-1.04748902850316
0.1534	-1.02746635612401
0.1535	-1.00833200043688
0.1536	-0.990127562601316
0.1537	-0.972922428949058
0.1538	-0.956817878842063
0.1539	-0.941906814440838
0.154	-0.928258909286583
0.1541	-0.915908320623355
0.1542	-0.904858445528607
0.1543	-0.895095570236565
0.1544	-0.886605926668061
0.1545	-0.879382631082358
0.1546	-0.873425502005748
0.1547	-0.868721040109884
0.1548	-0.865237834746277
0.1549	-0.862929038841571
0.155	-0.861742864989268
0.1551	-0.861631448649792
0.1552	-0.862557714708485
0.1553	-0.864499490998442
0.1554	-0.867441193777729
0.1555	-0.871350112194384
0.1556	-0.876161291497371
0.1557	-0.881788666898275
0.1558	-0.888156604355812
0.1559	-0.895225950838869
0.156	-0.903000694805874
0.1561	-0.911529172103028
0.1562	-0.920896552586926
0.1563	-0.931197716743046
0.1564	-0.94249230210318
0.1565	-0.954797270736336
0.1566	-0.968094741737289
0.1567	-0.982364511109111
0.1568	-0.997610400134359
0.1569	-1.0138654804207
0.157	-1.0311642019922
0.1571	-1.04949357367978
0.1572	-1.06877010611556
0.1573	-1.08884154487923
0.1574	-1.10953546680614
0.1575	-1.1306749745461
0.1576	-1.15210033628433
0.1577	-1.17367434825125
0.1578	-1.19526445474403
0.1579	-1.21671676494442
0.158	-1.23784401172762
0.1581	-1.25843584287096
0.1582	-1.27825508084075
0.1583	-1.29707310646918
0.1584	-1.31468322215757
0.1585	-1.33091901405608
0.1586	-1.34564435029718
0.1587	-1.35873753013759
0.1588	-1.37008864798381
0.1589	-1.3795992063154
0.159	-1.38717780825776
0.1591	-1.39275769369491
0.1592	-1.39631192457156
0.1593	-1.39786779930177
0.1594	-1.39748586226982
0.1595	-1.3952197618189
0.1596	-1.39109680072929
0.1597	-1.38513259462622
0.1598	-1.37736567336936
0.1599	-1.36788812685417
0.16	-1.35685114590289
0.1601	-1.34446739059977
0.1602	-1.33098432701088
0.1603	-1.31663570781595
0.1604	-1.30160451754103
0.1605	-1.28601174894078
0.1606	-1.26992558757318
0.1607	-1.25337691521411
0.1608	-1.23639545993049
0.1609	-1.21902444475808
0.161	-1.2013452864307
0.1611	-1.18346264542069
0.1612	-1.16547546052495
0.1613	-1.14746097698757
0.1614	-1.12947665094192
0.1615	-1.11157743489614
0.1616	-1.0938373489107
0.1617	-1.07637421768879
0.1618	-1.05932807220316
0.1619	-1.04285208851947
0.162	-1.02708907399554
0.1621	-1.01215692486252
0.1622	-0.998142714845805
0.1623	-0.985098953561046
0.1624	-0.973043820648282
0.1625	-0.961965002938307
0.1626	-0.95183356028797
0.1627	-0.942609745490536
0.1628	-0.93427520195827
0.1629	-0.926848350684709
0.163	-0.920371330855286
0.1631	-0.914874058745957
0.1632	-0.910347594978527
0.1633	-0.906744681271666
0.1634	-0.903995154010809
0.1635	-0.902020040222516
0.1636	-0.900753242624588
0.1637	-0.900159120032741
0.1638	-0.900229093711908
0.1639	-0.900961671648122
0.164	-0.902340521357767
0.1641	-0.904329941847782
0.1642	-0.906890361398252
0.1643	-0.909997470635141
0.1644	-0.91365769333939
0.1645	-0.917898863635558
0.1646	-0.922741960903769
0.1647	-0.928167082096483
0.1648	-0.934093760779533
0.1649	-0.940382231033633
0.165	-0.946860721496346
0.1651	-0.95336951041932
0.1652	-0.959797219543093
0.1653	-0.966095053601691
0.1654	-0.972244297888908
0.1655	-0.978223137935121
0.1656	-0.983999506286331
0.1657	-0.989545093483379
0.1658	-0.99484237653746
0.1659	-0.999876633863541
0.166	-1.00463097093642
0.1661	-1.0090795312512
0.1662	-1.01318549380155
0.1663	-1.0168966474017
0.1664	-1.0201604223742
0.1665	-1.02294212836389
0.1666	-1.02522817898212
0.1667	-1.02701475970685
0.1668	-1.02829221539929
0.1669	-1.02904214544723
0.167	-1.02925419013577
0.1671	-1.0289407788745
0.1672	-1.02812658673776
0.1673	-1.02682865782065
0.1674	-1.02504520373521
0.1675	-1.02276239911763
0.1676	-1.0199628402893
0.1677	-1.01663109048609
0.1678	-1.01275837067734
0.1679	-1.00833730624861
0.168	-1.00335681102046
0.1681	-0.997795785808421
0.1682	-0.991621982467388
0.1683	-0.984795290309171
0.1684	-0.977270294703485
0.1685	-0.968995142409286
0.1686	-0.959914778732657
0.1687	-0.949992750888896
0.1688	-0.939219538571351
0.1689	-0.92761552596982
0.169	-0.915204195940298
0.1691	-0.901988105401919
0.1692	-0.887948603742821
0.1693	-0.87307323490451
0.1694	-0.85739257303813
0.1695	-0.840996512282874
0.1696	-0.824035677809963
0.1697	-0.806683738596306
0.1698	-0.789129274327788
0.1699	-0.771561460543634
0.17	-0.754152727375015
0.1701	-0.737043079036582
0.1702	-0.720339202807228
0.1703	-0.704128475067243
0.1704	-0.688494795439492
0.1705	-0.673543202571135
0.1706	-0.659392256812005
0.1707	-0.646174094806863
0.1708	-0.634001782950385
0.1709	-0.622933318673439
0.171	-0.612954629385428
0.1711	-0.603998306264327
0.1712	-0.595983231518861
0.1713	-0.588842298580548
0.1714	-0.58252673467115
0.1715	-0.57698457239808
0.1716	-0.572150845578402
0.1717	-0.567940325775004
0.1718	-0.564251927800172
0.1719	-0.560979855870917
0.172	-0.558023502284494
0.1721	-0.555292354404571
0.1722	-0.552709317608129
0.1723	-0.550208350872737
0.1724	-0.547735336298824
0.1725	-0.545247122516574
0.1726	-0.542710272644984
0.1727	-0.540099932615748
0.1728	-0.537405195347828
0.1729	-0.534637503752378
0.173	-0.531832557678222
0.1731	-0.529042156731329
0.1732	-0.526311598245862
0.1733	-0.523665496973486
0.1734	-0.52111052815578
0.1735	-0.518655036848407
0.1736	-0.516328346674405
0.1737	-0.514185231182259
0.1738	-0.51229494721432
0.1739	-0.510724517235114
0.174	-0.509523644285918
0.1741	-0.508714718582377
0.1742	-0.508304355820484
0.1743	-0.508303821012267
0.1744	-0.50873588556783
0.1745	-0.509625996104014
0.1746	-0.51099173523513
0.1747	-0.51284269900305
0.1748	-0.515184694173225
0.1749	-0.518016427834298
0.175	-0.521322239592619
0.1751	-0.525063507009889
0.1752	-0.529181224950343
0.1753	-0.533602501195606
0.1754	-0.538246811495662
0.1755	-0.5430327995963
0.1756	-0.547884652038779
0.1757	-0.552728464710642
0.1758	-0.557478807199669
0.1759	-0.562040980827169
0.176	-0.566320874837642
0.1761	-0.570237071913081
0.1762	-0.573726035530263
0.1763	-0.576745092547069
0.1764	-0.579278686381466
0.1765	-0.581339486815222
0.1766	-0.582960501909597
0.1767	-0.584184625098759
0.1768	-0.585050418303351
0.1769	-0.585585655624373
0.177	-0.585804639736575
0.1771	-0.585711364717904
0.1772	-0.585307381137335
0.1773	-0.584603834167794
0.1774	-0.583630242466841
0.1775	-0.58243434456449
0.1776	-0.581070131020211
0.1777	-0.579579381784637
0.1778	-0.577975745113503
0.1779	-0.57624259099284
0.178	-0.574348271356294
0.1781	-0.572270614365428
0.1782	-0.570018022854478
0.1783	-0.567639128338082
0.1784	-0.565215228396263
0.1785	-0.562834603253934
0.1786	-0.560566926253737
0.1787	-0.558446050683545
0.1788	-0.556472275619285
0.1789	-0.554627123224352
0.179	-0.552886216477927
0.1791	-0.551220410408479
0.1792	-0.549590006496284
0.1793	-0.547950070146809
0.1794	-0.54626638475567
0.1795	-0.544527388145017
0.1796	-0.542736656392661
0.1797	-0.540893295199681
0.1798	-0.538977636364276
0.1799	-0.536954932280178
0.18	-0.53479329577504
0.1801	-0.532478483687027
0.1802	-0.530020006571879
0.1803	-0.527448345596713
0.1804	-0.524810884296851
0.1805	-0.522161681503972
0.1806	-0.519551399241982
0.1807	-0.517023606378557
0.1808	-0.514616090426086
0.1809	-0.512363992419146
0.181	-0.510302733169551
0.1811	-0.508467608110925
0.1812	-0.506897298859697
0.1813	-0.505634539809219
0.1814	-0.504721590545777
0.1815	-0.504188787960608
0.1816	-0.504043640899715
0.1817	-0.504266243051602
0.1818	-0.504814440087426
0.1819	-0.505634659407505
0.182	-0.506679698229404
0.1821	-0.507920352439403
0.1822	-0.509346668803447
0.1823	-0.510957635382731
0.1824	-0.512745681752238
0.1825	-0.514684881126781
0.1826	-0.516733214641641
0.1827	-0.518850769783913
0.1828	-0.521013609221553
0.1829	-0.523220674301899
0.183	-0.525488415496142
0.1831	-0.527844190029623
0.1832	-0.530319409221063
0.1833	-0.532948045251509
0.1834	-0.535771699945862
0.1835	-0.538836683703407
0.1836	-0.542186072812887
0.1837	-0.545853680863739
0.1838	-0.549868594298574
0.1839	-0.554249825702662
0.184	-0.55900315697083
0.1841	-0.564126980654589
0.1842	-0.569620817433723
0.1843	-0.575485203762533
0.1844	-0.58171179584647
0.1845	-0.58827053933604
0.1846	-0.595099040096224
0.1847	-0.602115464726761
0.1848	-0.609227490238242
0.1849	-0.61634207819835
0.185	-0.623372983946705
0.1851	-0.630252023099235
0.1852	-0.636934672782646
0.1853	-0.643399826050034
0.1854	-0.649639716953857
0.1855	-0.65565758817983
0.1856	-0.661453797053182
0.1857	-0.667018985900281
0.1858	-0.672331100581514
0.1859	-0.677358731148098
0.186	-0.682077799222752
0.1861	-0.686492356944967
0.1862	-0.690638109082119
0.1863	-0.694559241964821
0.1864	-0.698287918488091
0.1865	-0.701826164063737
0.1866	-0.705146501979089
0.1867	-0.708207089798613
0.1868	-0.710971869472782
0.1869	-0.713428503593757
0.187	-0.715598626621858
0.1871	-0.717533650321188
0.1872	-0.719289922947963
0.1873	-0.720905057288012
0.1874	-0.722388946568384
0.1875	-0.723736703395843
0.1876	-0.72494475047685
0.1877	-0.726018512756122
0.1878	-0.726971638904397
0.1879	-0.727826360047901
0.188	-0.728615273519693
0.1881	-0.729377007975738
0.1882	-0.73014684946574
0.1883	-0.73094828069588
0.1884	-0.73179417562138
0.1885	-0.732692819212844
0.1886	-0.733656250687123
0.1887	-0.734702767658063
0.1888	-0.735850489131316
0.1889	-0.737107239002551
0.189	-0.738460424023391
0.1891	-0.739879110865542
0.1892	-0.741319253748961
0.1893	-0.74273090621195
0.1894	-0.744063406145815
0.1895	-0.745271992840841
0.1896	-0.746321501144181
0.1897	-0.74718624245913
0.1898	-0.747847407116339
0.1899	-0.748293649862548
0.19	-0.74852770772111
0.1901	-0.74856942835525
0.1902	-0.748453022561681
0.1903	-0.748219020169398
0.1904	-0.747910632878691
0.1905	-0.747574886252684
0.1906	-0.747262697396716
0.1907	-0.747019102663647
0.1908	-0.746870813099363
0.1909	-0.746825576476175
0.191	-0.746882498740581
0.1911	-0.747041163370067
0.1912	-0.747300914256053
0.1913	-0.747653645507883
0.1914	-0.748076589740076
0.1915	-0.748529941104166
0.1916	-0.748958129521292
0.1917	-0.749291367554636
0.1918	-0.749445378099039
0.1919	-0.749324679282227
0.192	-0.748832652982
0.1921	-0.747883713535757
0.1922	-0.746410212886319
0.1923	-0.74436810471017
0.1924	-0.741736213177577
0.1925	-0.73850810873068
0.1926	-0.734678792309476
0.1927	-0.730240158026778
0.1928	-0.725184456763884
0.1929	-0.719518420322291
0.193	-0.713280257642483
0.1931	-0.706542741808988
0.1932	-0.699398672127581
0.1933	-0.691939779842993
0.1934	-0.684247802281634
0.1935	-0.6763820848536
0.1936	-0.668389653061283
0.1937	-0.660313419942215
0.1938	-0.652193795727378
0.1939	-0.644067555109677
0.194	-0.635967777047025
0.1941	-0.627921759359941
0.1942	-0.619942086638057
0.1943	-0.612029229777134
0.1944	-0.604171504921991
0.1945	-0.596354607593606
0.1946	-0.588560299730128
0.1947	-0.5807670052018
0.1948	-0.572956187786421
0.1949	-0.565123257725968
0.195	-0.557286001629993
0.1951	-0.549484664316655
0.1952	-0.541757712766184
0.1953	-0.534141384803467
0.1954	-0.526676507678477
0.1955	-0.519414042522852
0.1956	-0.512411564116313
0.1957	-0.505732488159259
0.1958	-0.499443389646601
0.1959	-0.493603869878264
0.196	-0.488263293903476
0.1961	-0.483451095846357
0.1962	-0.479174218522109
0.1963	-0.475414661934578
0.1964	-0.472134612422762
0.1965	-0.469281675924988
0.1966	-0.466792197900037
0.1967	-0.464599692692773
0.1968	-0.462645860816413
0.1969	-0.460887055866127
0.197	-0.459293528159128
0.1971	-0.457845132395806
0.1972	-0.456519220015743
0.1973	-0.455284530145079
0.1974	-0.454108459800731
0.1975	-0.45296645294462
0.1976	-0.451847095403569
0.1977	-0.450754636719144
0.1978	-0.449703856890477
0.1979	-0.448705527560049
0.198	-0.447763940050221
0.1981	-0.446890389252348
0.1982	-0.446114318943776
0.1983	-0.445481622023122
0.1984	-0.445044449863815
0.1985	-0.44484947091476
0.1986	-0.444923685279705
0.1987	-0.445267162806059
0.1988	-0.445856172166337
0.1989	-0.446649498538189
0.199	-0.447592875020012
0.1991	-0.448627026916246
0.1992	-0.449699861756553
0.1993	-0.45077758496187
0.1994	-0.451845721992336
0.1995	-0.452905922062349
0.1996	-0.453983379226901
0.1997	-0.455132302008312
0.1998	-0.456427371443423
0.1999	0
0.2	0
