0	0
0.0001	-0.873100399590951
0.0002	-0.856453119616919
0.0003	-0.83310324311218
0.0004	-0.802513774538211
0.0005	-0.764181921523182
0.0006	-0.717601015143782
0.0007	-0.662230416476235
0.0008	-0.597476587013457
0.0009	-0.52272193346682
0.001	-0.437399458972667
0.0011	-0.341052943179825
0.0012	-0.233337867710194
0.0013	-0.113977436579327
0.0014	0.0172798179271012
0.0015	0.160681139206977
0.0016	0.316459841735959
0.0017	0.484795680734446
0.0018	0.665787100093591
0.0019	0.859482344495118
0.002	1.06596175778183
0.0021	1.28539364817977
0.0022	1.51802685769956
0.0023	1.76414608141433
0.0024	2.02400582814284
0.0025	2.29776755956047
0.0026	2.58546421851091
0.0027	2.88701179125058
0.0028	3.20222386410778
0.0029	3.53080189785156
0.003	3.87230172706273
0.0031	4.22608820622471
0.0032	4.59131127959249
0.0033	4.96692521262162
0.0034	5.35172206603655
0.0035	5.74432568860329
0.0036	6.14320255377303
0.0037	6.5466823532684
0.0038	6.95299265545804
0.0039	7.36024470441468
0.004	7.76639622874357
0.0041	8.16930858157987
0.0042	8.56683789814434
0.0043	8.95694485269695
0.0044	9.3377505237501
0.0045	9.70759080194582
0.0046	10.0651031692489
0.0047	10.4092647907461
0.0048	10.7393486208688
0.0049	11.0549114322053
0.005	11.3558267020323
0.0051	11.6423458613719
0.0052	11.9151353454591
0.0053	12.1752723795958
0.0054	12.4242197400637
0.0055	12.6637593012155
0.0056	12.8958496826873
0.0057	13.1224944808092
0.0058	13.3456050599612
0.0059	13.5669016698648
0.006	13.7879074850851
0.0061	14.0099423178685
0.0062	14.2341037561812
0.0063	14.4611654094875
0.0064	14.6915229747934
0.0065	14.9252392484387
0.0066	15.1621504685037
0.0067	15.4019065102939
0.0068	15.6440208155011
0.0069	15.8879367873501
0.007	16.1330923500262
0.0071	16.3789328392734
0.0072	16.6248439010586
0.0073	16.8700824336166
0.0074	17.1137561743745
0.0075	17.3548626130358
0.0076	17.5924088307824
0.0077	17.8255196574366
0.0078	18.053415771444
0.0079	18.2753704721987
0.008	18.4907084931277
0.0081	18.6988826231368
0.0082	18.8994921838598
0.0083	19.0922567881466
0.0084	19.2770124066705
0.0085	19.4537650618095
0.0086	19.622800338791
0.0087	19.7847650476493
0.0088	19.9407120477282
0.0089	20.0920947456595
0.009	20.2406927110493
0.0091	20.3884977532004
0.0092	20.5376354975297
0.0093	20.6902617881203
0.0094	20.8484632802848
0.0095	21.0141206281863
0.0096	21.1888381509378
0.0097	21.3739904749409
0.0098	21.5707395139004
0.0099	21.7799626570995
0.01	22.0021100458046
0.0101	22.2371282653427
0.0102	22.48445037273
0.0103	22.7430281230405
0.0104	23.0114020535099
0.0105	23.2878326583485
0.0106	23.570446905272
0.0107	23.8573233055282
0.0108	24.1465693943846
0.0109	24.436376252165
0.011	24.7251436037503
0.0111	25.0115038708948
0.0112	25.2943069177686
0.0113	25.5726575352505
0.0114	25.8460211292161
0.0115	26.1142711042633
0.0116	26.3776706717751
0.0117	26.6367672472301
0.0118	26.8922775402103
0.0119	27.1450436353345
0.012	27.3959195385007
0.0121	27.6456872667619
0.0122	27.8949934152416
0.0123	28.1443129163446
0.0124	28.393977229325
0.0125	28.6441493140287
0.0126	28.8948421067151
0.0127	29.1459278147959
0.0128	29.3971508515284
0.0129	29.6480778197976
0.013	29.898085878127
0.0131	30.1464021153152
0.0132	30.3921758484533
0.0133	30.6344724703521
0.0134	30.8722391200857
0.0135	31.1043025528813
0.0136	31.329391077091
0.0137	31.546188332112
0.0138	31.7533438996106
0.0139	31.9495531525616
0.014	32.1335861020566
0.0141	32.3043170356897
0.0142	32.4607122917978
0.0143	32.6017685935782
0.0144	32.7265589625142
0.0145	32.8342670567705
0.0146	32.9242588914498
0.0147	32.9961699264808
0.0148	33.049961087885
0.0149	33.0858307258548
0.015	33.1040573293291
0.0151	33.1049194482575
0.0152	33.0887146519754
0.0153	33.0558204970746
0.0154	33.0067138163321
0.0155	32.941913411565
0.0156	32.8619075731605
0.0157	32.7670510686641
0.0158	32.6574468936461
0.0159	32.5329258449454
0.016	32.3930980159843
0.0161	32.2374505881584
0.0162	32.0654075397865
0.0163	31.8763890337655
0.0164	31.6699239520271
0.0165	31.4456861278413
0.0166	31.2035229730861
0.0167	30.9434192365787
0.0168	30.665558026062
0.0169	30.370416183561
0.017	30.0588656011202
0.0171	29.7321249121071
0.0172	29.3917885818111
0.0173	29.0397830395812
0.0174	28.6783208194044
0.0175	28.3098318948804
0.0176	27.9368454220372
0.0177	27.5619382455847
0.0178	27.1876986523888
0.0179	26.8166825026086
0.018	26.4514246749616
0.0181	26.094403661294
0.0182	25.7480036677737
0.0183	25.4144344341532
0.0184	25.0956471901033
0.0185	24.7933223200187
0.0186	24.5088521968336
0.0187	24.2432629902853
0.0188	23.9971574230516
0.0189	23.770659465304
0.019	23.5633628471834
0.0191	23.3743444040461
0.0192	23.2022090985356
0.0193	23.0451557108269
0.0194	22.9011105026156
0.0195	22.7678094408481
0.0196	22.6428835870128
0.0197	22.5239182255635
0.0198	22.4085482326953
0.0199	22.2945191074902
0.02	22.1797136814934
0.0201	22.0621654693181
0.0202	21.9401311471188
0.0203	21.8121502222422
0.0204	21.6770697185739
0.0205	21.5340908632865
0.0206	21.3827730538089
0.0207	21.2230666963721
0.0208	21.0553380019482
0.0209	20.8803747049654
0.021	20.6993574636838
0.0211	20.5137759277494
0.0212	20.3253257393892
0.0213	20.135818889304
0.0214	19.9470823071265
0.0215	19.7608617966779
0.0216	19.5787897705214
0.0217	19.4023558767147
0.0218	19.2328647495193
0.0219	19.0713444563794
0.022	18.9185007261124
0.0221	18.7746883247961
0.0222	18.6400216912265
0.0223	18.5144779367643
0.0224	18.397967414984
0.0225	18.2903184783144
0.0226	18.1912429202837
0.0227	18.1003441971016
0.0228	18.0170768053855
0.0229	17.9407579117005
0.023	17.8705768892581
0.0231	17.8055895986142
0.0232	17.7447355453611
0.0233	17.686917997344
0.0234	17.6310726490135
0.0235	17.576209581746
0.0236	17.5214047539311
0.0237	17.4658245284693
0.0238	17.4087222395439
0.0239	17.3493711835304
0.024	17.2870313055055
0.0241	17.221008326748
0.0242	17.1507300363503
0.0243	17.0757634655038
0.0244	16.9957614758997
0.0245	16.9104036314914
0.0246	16.8193961992896
0.0247	16.722485456812
0.0248	16.6194522677389
0.0249	16.5101763061437
0.025	16.3947052545651
0.0251	16.2732966051566
0.0252	16.1463509026462
0.0253	16.014346890677
0.0254	15.8777823929688
0.0255	15.7371847949641
0.0256	15.593078619938
0.0257	15.4459330775622
0.0258	15.2961534325676
0.0259	15.1441193864576
0.026	14.9902285270299
0.0261	14.8348928434866
0.0262	14.6785529354425
0.0263	14.5217085305481
0.0264	14.3649146703967
0.0265	14.2087721735588
0.0266	14.0539753189022
0.0267	13.9013347341358
0.0268	13.7517192208902
0.0269	13.6059916685934
0.027	13.4650373701628
0.0271	13.3298699789561
0.0272	13.2015995769359
0.0273	13.0812866558042
0.0274	12.9698581923154
0.0275	12.8681505711333
0.0276	12.7769801361144
0.0277	12.6971107828737
0.0278	12.6291948272317
0.0279	12.5737501162943
0.028	12.5311969337821
0.0281	12.501860799111
0.0282	12.486002987416
0.0283	12.4838218644388
0.0284	12.4954232891458
0.0285	12.5207853274359
0.0286	12.5597725674903
0.0287	12.6121379964538
0.0288	12.6775049096392
0.0289	12.7553964673652
0.029	12.845338691384
0.0291	12.946889934931
0.0292	13.0595752401179
0.0293	13.1827948724019
0.0294	13.3158621833962
0.0295	13.4580666820985
0.0296	13.6087550980392
0.0297	13.7673523684396
0.0298	13.9333549444481
0.0299	14.1063994747
0.03	14.2863123900303
0.0301	14.4729630358396
0.0302	14.6661455717829
0.0303	14.8657193760066
0.0304	15.0717381323757
0.0305	15.2843563365303
0.0306	15.5036273952207
0.0307	15.7294969490913
0.0308	15.9619058753898
0.0309	16.2007588006789
0.031	16.4459031360679
0.0311	16.6971719877893
0.0312	16.9544032303477
0.0313	17.2174240618184
0.0314	17.4860872204568
0.0315	17.7603059156575
0.0316	18.0400643732132
0.0317	18.3250899305302
0.0318	18.6148951786551
0.0319	18.9089913734453
0.032	19.2069771155612
0.0321	19.5084930733979
0.0322	19.8129503481119
0.0323	20.1196887522702
0.0324	20.4280808250287
0.0325	20.7376517069235
0.0326	21.0478042329968
0.0327	21.3577260636461
0.0328	21.6663965986659
0.0329	21.9729919930995
0.033	22.2770047817239
0.0331	22.5781185453217
0.0332	22.8760562951932
0.0333	23.1704486719929
0.0334	23.461025799019
0.0335	23.7475962651764
0.0336	24.0300841418141
0.0337	24.3083425160362
0.0338	24.5823138868636
0.0339	24.852061808898
0.034	25.1178482713468
0.0341	25.3799023650775
0.0342	25.6382540984739
0.0343	25.8928426593552
0.0344	26.1435784724766
0.0345	26.3904535393542
0.0346	26.6333788854463
0.0347	26.8722600711518
0.0348	27.106943896026
0.0349	27.337320018122
0.035	27.5632397163026
0.0351	27.784585711925
0.0352	28.0012821448622
0.0353	28.2132670210203
0.0354	28.4205676401642
0.0355	28.623292487017
0.0356	28.8217199162412
0.0357	29.0161422075417
0.0358	29.2068485129079
0.0359	29.394105011163
0.036	29.5782937621275
0.0361	29.7598435674416
0.0362	29.9391866276065
0.0363	30.116718639237
0.0364	30.292834512596
0.0365	30.4679384056777
0.0366	30.6422881012613
0.0367	30.8159709841493
0.0368	30.9888978205624
0.0369	31.1608468821335
0.037	31.3314601410667
0.0371	31.5003192219086
0.0372	31.6669862377823
0.0373	31.831053605555
0.0374	31.9920714727919
0.0375	32.1495490591282
0.0376	32.3030518100434
0.0377	32.4522153990635
0.0378	32.596677114111
0.0379	32.7361019381031
0.038	32.8702904401702
0.0381	32.9992135714553
0.0382	33.1229800845496
0.0383	33.2417791731967
0.0384	33.3558596038368
0.0385	33.4655954680405
0.0386	33.5714095761241
0.0387	33.6737867123445
0.0388	33.7732570783019
0.0389	33.8704804363166
0.039	33.9662010142395
0.0391	34.0612194284579
0.0392	34.1563868859787
0.0393	34.2526107825693
0.0394	34.350791807505
0.0395	34.4517269718498
0.0396	34.5559542087301
0.0397	34.6636565371826
0.0398	34.7747694586749
0.0399	34.8890672935644
0.04	35.0062838719879
0.0401	35.1260518951939
0.0402	35.2478805456197
0.0403	35.3711122567343
0.0404	35.4949245843307
0.0405	35.618423314924
0.0406	35.7407318913912
0.0407	35.8610689867493
0.0408	35.9787542291638
0.0409	36.0932089389965
0.041	36.2039744340137
0.0411	36.31081102372
0.0412	36.413672593224
0.0413	36.5126888764005
0.0414	36.6080775747286
0.0415	36.7002158073547
0.0416	36.7895697542612
0.0417	36.8766654585571
0.0418	36.9620821006606
0.0419	37.0464312611238
0.042	37.1303524959418
0.0421	37.2145071069396
0.0422	37.2996376229871
0.0423	37.386496810025
0.0424	37.4758274049602
0.0425	37.5683627720075
0.0426	37.6648651704068
0.0427	37.766013989266
0.0428	37.8723430324081
0.0429	37.9841921644024
0.043	38.1017057217067
0.0431	38.2248771321487
0.0432	38.3534722076739
0.0433	38.4870122037803
0.0434	38.6248310696066
0.0435	38.7661875565742
0.0436	38.9102547941446
0.0437	39.0561775678462
0.0438	39.2031210362418
0.0439	39.3503963747937
0.044	39.4975055377922
0.0441	39.6440408402719
0.0442	39.789688947731
0.0443	39.9342291966617
0.0444	40.0775998801461
0.0445	40.2199047524105
0.0446	40.3614290819173
0.0447	40.502482754458
0.0448	40.6434730198562
0.0449	40.7848356804702
0.045	40.9270680693148
0.0451	41.0706447325874
0.0452	41.2159440861531
0.0453	41.3632935645699
0.0454	41.5129110849175
0.0455	41.6649222277143
0.0456	41.8192889697781
0.0457	41.9758625932107
0.0458	42.1343872877412
0.0459	42.2945239129662
0.046	42.4556654441673
0.0461	42.6169977058962
0.0462	42.7775730307963
0.0463	42.9363685673447
0.0464	43.0923127625317
0.0465	43.2442839201403
0.0466	43.3912443071689
0.0467	43.5323056068917
0.0468	43.6667687599997
0.0469	43.7940782959203
0.047	43.9138507111592
0.0471	44.0258788143899
0.0472	44.1301289504652
0.0473	44.2267687272225
0.0474	44.3161494065066
0.0475	44.3988079906061
0.0476	44.4753829344585
0.0477	44.5466200489775
0.0478	44.6133188997862
0.0479	44.6763618595792
0.048	44.736541499568
0.0481	44.7945260627325
0.0482	44.850933031489
0.0483	44.9063863502035
0.0484	44.9615174787662
0.0485	45.0168143932085
0.0486	45.0726016569917
0.0487	45.129031517537
0.0488	45.1861386953196
0.0489	45.2438464589405
0.049	45.3019569234199
0.0491	45.3602254378324
0.0492	45.4183244525544
0.0493	45.4758338518357
0.0494	45.5322179445815
0.0495	45.5868722428453
0.0496	45.6391479770279
0.0497	45.6884539585542
0.0498	45.7342753308959
0.0499	45.7762607455203
0.05	45.8142544851131
0.0501	45.8483242245425
0.0502	45.8787039514993
0.0503	45.9057239743761
0.0504	45.9297866667974
0.0505	45.9513889424951
0.0506	45.9711075340966
0.0507	45.9895169544396
0.0508	46.0070916275559
0.0509	46.0241468508033
0.051	46.0408593796429
0.0511	46.0572699293227
0.0512	46.0733186840323
0.0513	46.0888213498626
0.0514	46.103504406681
0.0515	46.1169853132143
0.0516	46.1288373859786
0.0517	46.1385917883073
0.0518	46.1456908280858
0.0519	46.1495208798405
0.052	46.1493644848595
0.0521	46.1444510554785
0.0522	46.1340371049099
0.0523	46.1174313596814
0.0524	46.0940514599762
0.0525	46.0634492664908
0.0526	46.0253715729551
0.0527	45.9797066412903
0.0528	45.9263876178767
0.0529	45.8654107357011
0.053	45.7969088697438
0.0531	45.7213028572807
0.0532	45.6392318004733
0.0533	45.5514075087812
0.0534	45.4585367994163
0.0535	45.3613170614389
0.0536	45.2604276840735
0.0537	45.1565018199063
0.0538	45.0500239887345
0.0539	44.9413639666636
0.054	44.8307663261244
0.0541	44.7183258494719
0.0542	44.6040318267663
0.0543	44.4877803799093
0.0544	44.3693856236064
0.0545	44.2485602478427
0.0546	44.1249241805846
0.0547	43.9980065874141
0.0548	43.867374475079
0.0549	43.7326607412939
0.055	43.5935550255535
0.0551	43.4497700888172
0.0552	43.3009481219798
0.0553	43.1467225280434
0.0554	42.9867308747998
0.0555	42.8206799096494
0.0556	42.648328354222
0.0557	42.4694678409404
0.0558	42.2839209443653
0.0559	42.0916138389127
0.056	41.892512931386
0.0561	41.6865456836903
0.0562	41.4735671305638
0.0563	41.2533516655776
0.0564	41.0257020233868
0.0565	40.7903723835713
0.0566	40.5471475829469
0.0567	40.2957844037386
0.0568	40.0361909999519
0.0569	39.7683021736537
0.057	39.4920693273384
0.0571	39.2072955921112
0.0572	38.9137411348705
0.0573	38.6112522304334
0.0574	38.2996843632714
0.0575	37.9789843872211
0.0576	37.6490063703386
0.0577	37.309656639239
0.0578	36.9607878089433
0.0579	36.6023191222021
0.058	36.2340940732289
0.0581	35.8559990836586
0.0582	35.4678602523374
0.0583	35.0695482781701
0.0584	34.661069807136
0.0585	34.2424669940046
0.0586	33.8139273520717
0.0587	33.3756288059002
0.0588	32.9278405110004
0.0589	32.4707045587596
0.059	32.0043618749722
0.0591	31.5288462922603
0.0592	31.044315425176
0.0593	30.5509480371012
0.0594	30.0489428371288
0.0595	29.5385221169929
0.0596	29.0197871769359
0.0597	28.4929234680853
0.0598	27.9580786923186
0.0599	27.4154834248665
0.06	26.8653261058332
0.0601	26.3079453104739
0.0602	25.7437038141243
0.0603	25.1731415476895
0.0604	24.59676773777
0.0605	24.0150871162522
0.0606	23.4286464783424
0.0607	22.8378809396688
0.0608	22.2432922377843
0.0609	21.6453320136409
0.061	21.0446341723205
0.0611	20.4418749544651
0.0612	19.8379575632708
0.0613	19.2337582785036
0.0614	18.6302643181805
0.0615	18.0283648608178
0.0616	17.4288958645894
0.0617	16.8326821167414
0.0618	16.2403677372503
0.0619	15.6526100814697
0.062	15.0699385200834
0.0621	14.4929247863442
0.0622	13.9219607993792
0.0623	13.3573961310092
0.0624	12.7993938304614
0.0625	12.2481479644775
0.0626	11.7037931741111
0.0627	11.1665115450338
0.0628	10.6364879200661
0.0629	10.1140988543207
0.063	9.59969944350047
0.0631	9.09375886374414
0.0632	8.59673244572178
0.0633	8.1091901380338
0.0634	7.63162485362045
0.0635	7.16462360955103
0.0636	6.70883289643047
0.0637	6.2649094696157
0.0638	5.83362767462808
0.0639	5.41569457514237
0.064	5.01188493321416
0.0641	4.62295985131669
0.0642	4.24974739012313
0.0643	3.89294764352704
0.0644	3.55324082374298
0.0645	3.23121858966081
0.0646	2.92745000761528
0.0647	2.6423096333738
0.0648	2.37604103997202
0.0649	2.12871154021943
0.065	1.90018011125466
0.0651	1.69016344620896
0.0652	1.49813911422315
0.0653	1.32342213756144
0.0654	1.16515008730325
0.0655	1.02236769674916
0.0656	0.894013985606733
0.0657	0.779012130989358
0.0658	0.676275079238891
0.0659	0.584707209605369
0.066	0.503233583256133
0.0661	0.430761054757461
0.0662	0.366214236650634
0.0663	0.308541903701155
0.0664	0.256756642755473
0.0665	0.209922926295285
0.0666	0.167164757087665
0.0667	0.127633302030777
0.0668	0.0905019448266735
0.0669	0.0549541814986831
0.067	0.0202154578208606
0.0671	-0.0144299764675679
0.0672	-0.0496235833809848
0.0673	-0.0859092124319076
0.0674	-0.123751686210834
0.0675	-0.163544720619136
0.0676	-0.205627020211036
0.0677	-0.250244308316223
0.0678	-0.297522217439976
0.0679	-0.347428054586281
0.068	-0.399784933242898
0.0681	-0.454300453401835
0.0682	-0.510562571907613
0.0683	-0.56806601174047
0.0684	-0.62620190056122
0.0685	-0.68427994704485
0.0686	-0.741533808839598
0.0687	-0.797185185157197
0.0688	-0.850482307244597
0.0689	-0.900765798246841
0.069	-0.947490257054856
0.0691	-0.99025322423039
0.0692	-1.02876315103399
0.0693	-1.06283172882841
0.0694	-1.09238699575611
0.0695	-1.11749307088038
0.0696	-1.13839022745134
0.0697	-1.15549330317032
0.0698	-1.16937066009688
0.0699	-1.18068863764547
0.07	-1.19015190277489
0.0701	-1.19843466912407
0.0702	-1.20613284654349
0.0703	-1.21375147829103
0.0704	-1.22169450136826
0.0705	-1.23022735632736
0.0706	-1.23942156353278
0.0707	-1.24915925400145
0.0708	-1.25921617797695
0.0709	-1.2693851543198
0.071	-1.27954650166997
0.0711	-1.28967916022204
0.0712	-1.29984134409141
0.0713	-1.31016016509685
0.0714	-1.3208326710137
0.0715	-1.33214447209221
0.0716	-1.34448381917812
0.0717	-1.35833644102341
0.0718	-1.37427802803072
0.0719	-1.3929401241234
0.072	-1.41495340708311
0.0721	-1.4408840470251
0.0722	-1.47123411222235
0.0723	-1.50647448746993
0.0724	-1.54707349121686
0.0725	-1.59347783596216
0.0726	-1.64603971149273
0.0727	-1.70499293780417
0.0728	-1.77042092937444
0.0729	-1.84226700729607
0.073	-1.92031483948503
0.0731	-2.00422853982317
0.0732	-2.09354119593411
0.0733	-2.1876845516074
0.0734	-2.28596959546567
0.0735	-2.38764554484027
0.0736	-2.49191828241531
0.0737	-2.59802178081006
0.0738	-2.70527577122742
0.0739	-2.81308015474795
0.074	-2.92096368931213
0.0741	-3.0285508800237
0.0742	-3.13559291449415
0.0743	-3.24197228016996
0.0744	-3.34778232205386
0.0745	-3.45330150044833
0.0746	-3.55898589145278
0.0747	-3.6654394755697
0.0748	-3.77331468085414
0.0749	-3.8832764696383
0.075	-3.99589463044094
0.0751	-4.11159891252844
0.0752	-4.230584508354
0.0753	-4.35281201916533
0.0754	-4.47794672503107
0.0755	-4.60538832081599
0.0756	-4.73430575838574
0.0757	-4.86377868362142
0.0758	-4.99281817469536
0.0759	-5.12038334322928
0.076	-5.24542201846467
0.0761	-5.36687701267589
0.0762	-5.48376880467789
0.0763	-5.59516807897244
0.0764	-5.70023562409639
0.0765	-5.79822910766363
0.0766	-5.88857627579688
0.0767	-5.97084794585197
0.0768	-6.04475808519646
0.0769	-6.11014204398963
0.077	-6.16692802460519
0.0771	-6.21516550371491
0.0772	-6.25500423864263
0.0773	-6.28670907544583
0.0774	-6.31065436534504
0.0775	-6.32731381117187
0.0776	-6.33720617447718
0.0777	-6.34086034273737
0.0778	-6.33880556887526
0.0779	-6.33157490784474
0.078	-6.31970283392342
0.0781	-6.30372341783012
0.0782	-6.28415292190383
0.0783	-6.26144485591388
0.0784	-6.23592401066909
0.0785	-6.2077534605932
0.0786	-6.17693941089719
0.0787	-6.14336629773184
0.0788	-6.10682401462191
0.0789	-6.06703932562532
0.079	-6.0236808670418
0.0791	-5.97635352596942
0.0792	-5.92462754353611
0.0793	-5.86804415374867
0.0794	-5.80617853192344
0.0795	-5.73866356567192
0.0796	-5.66521462682041
0.0797	-5.58557843915496
0.0798	-5.49954947721049
0.0799	-5.40697855094656
0.08	-5.30782847293212
0.0801	-5.20214928580567
0.0802	-5.09009352036603
0.0803	-4.97188103709384
0.0804	-4.84776370903838
0.0805	-4.71805325849427
0.0806	-4.58305817762775
0.0807	-4.44309126339682
0.0808	-4.29841815410575
0.0809	-4.14926164135774
0.081	-3.99568666143648
0.0811	-3.83762690904453
0.0812	-3.67490766393297
0.0813	-3.50730649555641
0.0814	-3.33467143414987
0.0815	-3.15688834226518
0.0816	-2.97393649906351
0.0817	-2.78583797341659
0.0818	-2.5926668031253
0.0819	-2.3944618193789
0.082	-2.19134841199889
0.0821	-1.98359110308638
0.0822	-1.77168602785531
0.0823	-1.55622160918534
0.0824	-1.33787633467281
0.0825	-1.11736294807289
0.0826	-0.895412829001714
0.0827	-0.672876575141629
0.0828	-0.450694455966271
0.0829	-0.230031771776765
0.083	-0.01225132138606
0.0831	0.201094593042399
0.0832	0.408426117082399
0.0833	0.608060920712973
0.0834	0.798189483025908
0.0835	0.976907659265919
0.0836	1.14224646764515
0.0837	1.29230854693647
0.0838	1.42521207556086
0.0839	1.53908959935393
0.084	1.63205030336112
0.0841	1.70224725949918
0.0842	1.74787099120883
0.0843	1.76722414714684
0.0844	1.75883012406334
0.0845	1.72156422209537
0.0846	1.65470717063736
0.0847	1.55794865634918
0.0848	1.4313895644695
0.0849	1.27565850580072
0.085	1.09195855697882
0.0851	0.882157251972785
0.0852	0.648749496692773
0.0853	0.394881325180478
0.0854	0.124173350894097
0.0855	-0.159316669779429
0.0856	-0.451232477989578
0.0857	-0.747065133309093
0.0858	-1.04221777726292
0.0859	-1.33233777296039
0.086	-1.61342427736159
0.0861	-1.88200536222317
0.0862	-2.13513291449533
0.0863	-2.37055246651644
0.0864	-2.58666089853892
0.0865	-2.7825700361584
0.0866	-2.95806319113635
0.0867	-3.11365479880025
0.0868	-3.2504518832347
0.0869	-3.37008600781799
0.087	-3.4746115047223
0.0871	-3.56628485619778
0.0872	-3.64734985567252
0.0873	-3.71977648437749
0.0874	-3.78519776954003
0.0875	-3.84494626842869
0.0876	-3.9001489971598
0.0877	-3.95169376562235
0.0878	-4.00013037249003
0.0879	-4.04557893659546
0.088	-4.08771676664448
0.0881	-4.12588026752327
0.0882	-4.15917923463285
0.0883	-4.18666379389052
0.0884	-4.20747488628633
0.0885	-4.22093575956526
0.0886	-4.22650043251084
0.0887	-4.22369256454124
0.0888	-4.21213497995335
0.0889	-4.19165941173671
0.089	-4.16237164608644
0.0891	-4.12460074856604
0.0892	-4.07879127621583
0.0893	-4.02546262212028
0.0894	-3.96519166478182
0.0895	-3.89863355508472
0.0896	-3.82648392367504
0.0897	-3.74939940673562
0.0898	-3.66782251866522
0.0899	-3.58191487132568
0.09	-3.49157708185507
0.0901	-3.39654683239527
0.0902	-3.29650994960142
0.0903	-3.19110688992862
0.0904	-3.07997791332028
0.0905	-2.96272524549748
0.0906	-2.83893410703504
0.0907	-2.70819709665041
0.0908	-2.57030105382279
0.0909	-2.42530911254403
0.091	-2.27360603337863
0.0911	-2.11578415573314
0.0912	-1.95265784252561
0.0913	-1.78525359832864
0.0914	-1.61479587149591
0.0915	-1.44271015313521
0.0916	-1.27045731447788
0.0917	-1.09950047459688
0.0918	-0.931223631348615
0.0919	-0.766975775434901
0.092	-0.608037574496706
0.0921	-0.455713466367882
0.0922	-0.311273968605747
0.0923	-0.17582414147779
0.0924	-0.0502548841338495
0.0925	0.0648080796367054
0.0926	0.168906135305434
0.0927	0.261722331498532
0.0928	0.343041383364891
0.0929	0.412820681707309
0.093	0.471242214301647
0.0931	0.518797383380431
0.0932	0.556256265067372
0.0933	0.584582425316142
0.0934	0.604806441532862
0.0935	0.617977426549606
0.0936	0.625172522993219
0.0937	0.627527053670012
0.0938	0.626245217878029
0.0939	0.622538374385185
0.094	0.617508713172279
0.0941	0.612060346574717
0.0942	0.606889256285342
0.0943	0.602548198122716
0.0944	0.59951416134143
0.0945	0.598231918397274
0.0946	0.59913946642352
0.0947	0.602656672302846
0.0948	0.609090002638196
0.0949	0.618475587834519
0.095	0.630485637250486
0.0951	0.644500898616144
0.0952	0.659774559643278
0.0953	0.67555984257252
0.0954	0.691140872804322
0.0955	0.70583334018548
0.0956	0.718971060688737
0.0957	0.729863255729031
0.0958	0.737727174787048
0.0959	0.741687242354076
0.096	0.740875261714749
0.0961	0.734554010422385
0.0962	0.722203657242623
0.0963	0.703554806829892
0.0964	0.67859230575387
0.0965	0.64756137577394
0.0966	0.610919389614871
0.0967	0.569222403113884
0.0968	0.523020783838419
0.0969	0.472778113801986
0.097	0.418899224692815
0.0971	0.361773024826192
0.0972	0.30181813321979
0.0973	0.239457989238808
0.0974	0.175128144328262
0.0975	0.109246412788735
0.0976	0.0421697310402322
0.0977	-0.0259170634088548
0.0978	-0.0949817245189877
0.0979	-0.165038440709694
0.098	-0.236020431710259
0.0981	-0.307700247242622
0.0982	-0.37972772453432
0.0983	-0.451627594242154
0.0984	-0.522845224234118
0.0985	-0.592793217401223
0.0986	-0.660940252351111
0.0987	-0.726800019079995
0.0988	-0.789937499448889
0.0989	-0.84999135250613
0.099	-0.906638315264118
0.0991	-0.95951962080472
0.0992	-1.00812240339712
0.0993	-1.0517836372502
0.0994	-1.08974604461535
0.0995	-1.12125525567799
0.0996	-1.14561890424041
0.0997	-1.16227819859393
0.0998	-1.17082409406857
0.0999	-1.17097638770157
0.1	-1.1625792166672
0.1001	-1.14568246261322
0.1002	-1.12062923333292
0.1003	-1.08808007440113
0.1004	-1.04896268396316
0.1005	-1.00446529284064
0.1006	-0.956037134371662
0.1007	-0.905319483856132
0.1008	-0.853925474300347
0.1009	-0.803260886708465
0.101	-0.754441527268433
0.1011	-0.708289476344319
0.1012	-0.665346281985592
0.1013	-0.625882471002825
0.1014	-0.589983026038695
0.1015	-0.557602071077984
0.1016	-0.52860263100284
0.1017	-0.502732393755888
0.1018	-0.47955353107151
0.1019	-0.458366350996354
0.102	-0.438298265534531
0.1021	-0.418502138795517
0.1022	-0.39830455490058
0.1023	-0.377177887860412
0.1024	-0.354650118989557
0.1025	-0.330300784661507
0.1026	-0.303785212661239
0.1027	-0.274859359969028
0.1028	-0.243419663712892
0.1029	-0.209617595549354
0.103	-0.173908380994263
0.1031	-0.136976661756165
0.1032	-0.0995950766645635
0.1033	-0.0625504423940058
0.1034	-0.0266449600975349
0.1035	0.0073501258649529
0.1036	0.0387219737487747
0.1037	0.0668434484034606
0.1038	0.091202173185156
0.1039	0.111477123999208
0.104	0.127579797871634
0.1041	0.139620067061481
0.1042	0.147794767826351
0.1043	0.152329941077859
0.1044	0.153489986839537
0.1045	0.151582309408011
0.1046	0.146911584541674
0.1047	0.139756271460548
0.1048	0.130369324025736
0.1049	0.118940045605139
0.105	0.105515003813979
0.1051	0.0899818039963272
0.1052	0.0721177657019858
0.1053	0.0516608064615944
0.1054	0.0283682840519397
0.1055	0.0021019463909226
0.1056	-0.0270990657311216
0.1057	-0.0590470095417714
0.1058	-0.0934643138356321
0.1059	-0.130050258938866
0.106	-0.168515255604945
0.1061	-0.208629518917526
0.1062	-0.250198006484801
0.1063	-0.292972797588014
0.1064	-0.336541485947372
0.1065	-0.380374476201382
0.1066	-0.423962616473709
0.1067	-0.466939533148555
0.1068	-0.509080239290121
0.1069	-0.550217819490818
0.107	-0.590192308683477
0.1071	-0.62876517724245
0.1072	-0.665599076917438
0.1073	-0.700331201700841
0.1074	-0.732725053507409
0.1075	-0.762717555817289
0.1076	-0.790397891975385
0.1077	-0.81599678197485
0.1078	-0.839882149861477
0.1079	-0.862511088771935
0.108	-0.8843228114144
0.1081	-0.905706498572876
0.1082	-0.927023443862005
0.1083	-0.948615100246272
0.1084	-0.970759097181912
0.1085	-0.993660353090739
0.1086	-1.01746845294723
0.1087	-1.04230052692011
0.1088	-1.06821833024356
0.1089	-1.09521196267488
0.109	-1.12320104860773
0.1091	-1.15203598611957
0.1092	-1.18152393151123
0.1093	-1.21143148231978
0.1094	-1.24148443920905
0.1095	-1.27135515035835
0.1096	-1.3007020706868
0.1097	-1.32921347474843
0.1098	-1.35663391454183
0.1099	-1.38271794070115
0.11	-1.40715159748869
0.1101	-1.42954790487621
0.1102	-1.4494970424508
0.1103	-1.46666392361774
0.1104	-1.4808680154666
0.1105	-1.49212224857584
0.1106	-1.50058920620316
0.1107	-1.50649073802699
0.1108	-1.51003245235239
0.1109	-1.51140689819528
0.111	-1.51083685433103
0.1111	-1.50858446257362
0.1112	-1.50491404385826
0.1113	-1.50006765827187
0.1114	-1.49427346922892
0.1115	-1.48775379280482
0.1116	-1.48070776022748
0.1117	-1.47331607029835
0.1118	-1.46574426240797
0.1119	-1.45811547395783
0.112	-1.45047643377201
0.1121	-1.44281345785642
0.1122	-1.43510766091259
0.1123	-1.42735406240163
0.1124	-1.41954312609344
0.1125	-1.41164934706926
0.1126	-1.40363956958146
0.1127	-1.39546624178155
0.1128	-1.38705950876619
0.1129	-1.37833192688668
0.113	-1.36918406780884
0.1131	-1.35947343875804
0.1132	-1.34900108244067
0.1133	-1.33755887213277
0.1134	-1.32502866266265
0.1135	-1.31144557674637
0.1136	-1.29694365407816
0.1137	-1.28167356857944
0.1138	-1.26577478181935
0.1139	-1.24941417316621
0.114	-1.2327966789326
0.1141	-1.21615236322909
0.1142	-1.19971832340865
0.1143	-1.18374395376807
0.1144	-1.16849842598679
0.1145	-1.15424123504325
0.1146	-1.14119147683636
0.1147	-1.12951366263435
0.1148	-1.11932182473569
0.1149	-1.11064663814465
0.115	-1.10340633483637
0.1151	-1.09741191809706
0.1152	-1.0924226370028
0.1153	-1.0882044922882
0.1154	-1.08456139749565
0.1155	-1.08132157582331
0.1156	-1.07832447936382
0.1157	-1.07544967793817
0.1158	-1.07265593637166
0.1159	-1.06997281763557
0.116	-1.06743673328834
0.1161	-1.06503768894654
0.1162	-1.06270802131869
0.1163	-1.06032876395571
0.1164	-1.05773398513547
0.1165	-1.05473379307791
0.1166	-1.05116126349157
0.1167	-1.04691545884589
0.1168	-1.04198505603388
0.1169	-1.0364590313674
0.117	-1.03052047839497
0.1171	-1.02440895986598
0.1172	-1.01833260685627
0.1173	-1.01240184426757
0.1174	-1.00666130424446
0.1175	-1.00116263249364
0.1176	-0.995979201349361
0.1177	-0.991160955857584
0.1178	-0.986714012918201
0.1179	-0.982603452032714
0.118	-0.978715745367639
0.1181	-0.974824105913133
0.1182	-0.970649269845485
0.1183	-0.966003573338852
0.1184	-0.960888804871171
0.1185	-0.955447411273918
0.1186	-0.949820175798438
0.1187	-0.944043616971967
0.1188	-0.938039262465169
0.1189	-0.931651004861447
0.119	-0.924703137258716
0.1191	-0.917061141388618
0.1192	-0.908692183025831
0.1193	-0.899691615491303
0.1194	-0.890264885867076
0.1195	-0.880688435849942
0.1196	-0.871286568639785
0.1197	-0.86242077186194
0.1198	-0.854474769786261
0.1199	-0.84780432324531
0.12	-0.8427086063171
0.1201	-0.839450878710939
0.1202	-0.838273231642542
0.1203	-0.839373846125272
0.1204	-0.842851397754489
0.1205	-0.848654096010316
0.1206	-0.856561956788516
0.1207	-0.866213924276014
0.1208	-0.877182457946001
0.1209	-0.889062754250483
0.121	-0.901521229713548
0.1211	-0.914290950886928
0.1212	-0.927124806004839
0.1213	-0.939755811854026
0.1214	-0.951877569296931
0.1215	-0.963179608365284
0.1216	-0.973406886013359
0.1217	-0.982420267748745
0.1218	-0.990225098091451
0.1219	-0.99696620278544
0.122	-1.00288466680553
0.1221	-1.00826414144005
0.1222	-1.01337625300149
0.1223	-1.01844959667702
0.1224	-1.02368529945846
0.1225	-1.02929924155255
0.1226	-1.03557491100424
0.1227	-1.04290392255046
0.1228	-1.05178344138456
0.1229	-1.06273464575805
0.123	-1.07618069397173
0.1231	-1.09235508577904
0.1232	-1.11126174538814
0.1233	-1.13270593934995
0.1234	-1.15635293647048
0.1235	-1.18183777346801
0.1236	-1.20887281597688
0.1237	-1.23731364789928
0.1238	-1.26710293883612
0.1239	-1.29815720905224
0.124	-1.33028144465528
0.1241	-1.3632005373426
0.1242	-1.39661707643373
0.1243	-1.43027465046465
0.1244	-1.46398897683657
0.1245	-1.49762664420884
0.1246	-1.53107775411926
0.1247	-1.56420402860507
0.1248	-1.59683920505653
0.1249	-1.62879543888204
0.125	-1.65988421440125
0.1251	-1.689900491251
0.1252	-1.71864341914765
0.1253	-1.74595874825546
0.1254	-1.77177102039756
0.1255	-1.79608422799389
0.1256	-1.81890423576414
0.1257	-1.84016550941376
0.1258	-1.85967124143892
0.1259	-1.87713760449985
0.126	-1.89226574111553
0.1261	-1.90478054402435
0.1262	-1.91443430850202
0.1263	-1.92100591163658
0.1264	-1.92430035721184
0.1265	-1.92413973145718
0.1266	-1.9203656320448
0.1267	-1.91286076442726
0.1268	-1.90158661414043
0.1269	-1.88659860472264
0.127	-1.86802251499003
0.1271	-1.84601903043208
0.1272	-1.82075575088437
0.1273	-1.79238142770351
0.1274	-1.76103550732104
0.1275	-1.7268422549558
0.1276	-1.68996354957267
0.1277	-1.65062026422407
0.1278	-1.60908347387831
0.1279	-1.56564404311697
0.128	-1.52056958416875
0.1281	-1.4740533347552
0.1282	-1.42623076085487
0.1283	-1.37717835086731
0.1284	-1.32701387998718
0.1285	-1.27593618058519
0.1286	-1.22422084865933
0.1287	-1.17217471947573
0.1288	-1.12008173680948
0.1289	-1.06816373972681
0.129	-1.01656768101304
0.1291	-0.965423975659164
0.1292	-0.914835533570397
0.1293	-0.864933360111166
0.1294	-0.81588904898863
0.1295	-0.767929097520295
0.1296	-0.721329692916278
0.1297	-0.676397723520857
0.1298	-0.633460043978488
0.1299	-0.592871678390175
0.13	-0.555064359839399
0.1301	-0.52050725146087
0.1302	-0.48968828125404
0.1303	-0.463053097023021
0.1304	-0.440971971895696
0.1305	-0.423717226563038
0.1306	-0.411434887113844
0.1307	-0.404135000786026
0.1308	-0.401711830951772
0.1309	-0.403986943601085
0.131	-0.41074231751748
0.1311	-0.421724406317221
0.1312	-0.436622964724517
0.1313	-0.455058124565682
0.1314	-0.476601150700112
0.1315	-0.500814328757457
0.1316	-0.527277734722908
0.1317	-0.55560074143078
0.1318	-0.585407681853773
0.1319	-0.616369949732977
0.132	-0.648198835804713
0.1321	-0.68064806808777
0.1322	-0.713502600742153
0.1323	-0.746571169766881
0.1324	-0.779681704924087
0.1325	-0.812683426816648
0.1326	-0.845445263953344
0.1327	-0.877923274006747
0.1328	-0.910152445139559
0.1329	-0.942203345575955
0.133	-0.974107801349291
0.1331	-1.0058181316336
0.1332	-1.03720982943997
0.1333	-1.06809884642009
0.1334	-1.09825096387534
0.1335	-1.12736488524069
0.1336	-1.1551130572552
0.1337	-1.18114847916449
0.1338	-1.2051268922019
0.1339	-1.22672678313682
0.134	-1.24567555054607
0.1341	-1.26177400544755
0.1342	-1.27488840018342
0.1343	-1.28492095094983
0.1344	-1.29178342663188
0.1345	-1.29541853830783
0.1346	-1.29582283094864
0.1347	-1.29306567726277
0.1348	-1.28727913889163
0.1349	-1.27863655974885
0.135	-1.26733104884696
0.1351	-1.25356858895953
0.1352	-1.23756968499401
0.1353	-1.21958098087788
0.1354	-1.19984831253638
0.1355	-1.17860197985186
0.1356	-1.15603210806646
0.1357	-1.13228638885478
0.1358	-1.1074963105121
0.1359	-1.08180539329181
0.136	-1.05537920980373
0.1361	-1.02838154594298
0.1362	-1.00094990865542
0.1363	-0.973139198839618
0.1364	-0.944934634022779
0.1365	-0.916274643217704
0.1366	-0.88709271047135
0.1367	-0.857355162321475
0.1368	-0.827077792127909
0.1369	-0.796306822901606
0.137	-0.76511741052083
0.1371	-0.733583499423659
0.1372	-0.701812373800465
0.1373	-0.669949760175321
0.1374	-0.638167074620775
0.1375	-0.60663358709099
0.1376	-0.575496215663108
0.1377	-0.544885726507765
0.1378	-0.514931994218344
0.1379	-0.485780590397866
0.138	-0.45752960578762
0.1381	-0.430207855294341
0.1382	-0.403771888623901
0.1383	-0.378153915012092
0.1384	-0.35331012039601
0.1385	-0.329230848704817
0.1386	-0.305922089675839
0.1387	-0.283385517075704
0.1388	-0.261624269398318
0.1389	-0.240615831584684
0.139	-0.220332265547398
0.1391	-0.200762576060765
0.1392	-0.181928403069659
0.1393	-0.163866560565598
0.1394	-0.146592456094474
0.1395	-0.130085274853673
0.1396	-0.114307617391461
0.1397	-0.0992437199288077
0.1398	-0.0848965448234082
0.1399	-0.0712920787205569
0.14	-0.0584669456022659
0.1401	-0.046457586806163
0.1402	-0.0352834320763673
0.1403	-0.0249326846163402
0.1404	-0.0153662027770558
0.1405	-0.0065359207431488
0.1406	0.0015937317071852
0.1407	0.0090520742840479
0.1408	0.0158627498195685
0.1409	0.022044114632104
0.141	0.0275933093356775
0.1411	0.0324698558476673
0.1412	0.0365988970108848
0.1413	0.0398922096686372
0.1414	0.0422658855222284
0.1415	0.0436533702010194
0.1416	0.0440116583252674
0.1417	0.0433221284016816
0.1418	0.0415727899942993
0.1419	0.038737899381065
0.142	0.0347783154915922
0.1421	0.029662925846333
0.1422	0.0233839354176268
0.1423	0.0159567599184243
0.1424	0.0074086675608331
0.1425	-0.0022105031653972
0.1426	-0.0128252669997444
0.1427	-0.0243524653498639
0.1428	-0.0367276627498079
0.1429	-0.0499099010967825
0.143	-0.0638601955605189
0.1431	-0.0785242827366695
0.1432	-0.0938250062601824
0.1433	-0.109684612708723
0.1434	-0.126010212323884
0.1435	-0.142682259096475
0.1436	-0.159566895249338
0.1437	-0.17655772926884
0.1438	-0.193605395246049
0.1439	-0.2107034254383
0.144	-0.227848028152579
0.1441	-0.244986766924804
0.1442	-0.262015280319936
0.1443	-0.278782313854776
0.1444	-0.29513594158346
0.1445	-0.310965212540424
0.1446	-0.326207070464488
0.1447	-0.340823340310823
0.1448	-0.354776354036513
0.1449	-0.368020741200247
0.145	-0.380490528781667
0.1451	-0.392105969170082
0.1452	-0.402770001044038
0.1453	-0.412391428873764
0.1454	-0.420915657567553
0.1455	-0.42834164791255
0.1456	-0.434715798906817
0.1457	-0.44011063582701
0.1458	-0.444595489500135
0.1459	-0.448221828515595
0.146	-0.451020347588822
0.1461	-0.453031069716924
0.1462	-0.454330370678521
0.1463	-0.455019279132029
0.1464	-0.455182669730437
0.1465	-0.454859523195263
0.1466	-0.45404455731087
0.1467	-0.452709166909287
0.1468	-0.450823494291774
0.1469	-0.44836962956632
0.147	-0.445340092821802
0.1471	-0.441733449098634
0.1472	-0.437562546770466
0.1473	-0.432868004314891
0.1474	-0.427721432225296
0.1475	-0.422221913718495
0.1476	-0.4164969482764
0.1477	-0.41069262826025
0.1478	-0.404970057182942
0.1479	-0.399502795561492
0.148	-0.394473109660757
0.1481	-0.390054795994065
0.1482	-0.386382912599572
0.1483	-0.38353327469462
0.1484	-0.381524267579674
0.1485	-0.380328120214294
0.1486	-0.379875780357465
0.1487	-0.380062348362828
0.1488	-0.38075258890604
0.1489	-0.381789897986959
0.149	-0.383008401374851
0.1491	-0.38424648909961
0.1492	-0.385361235635244
0.1493	-0.386241385019664
0.1494	-0.386807871389901
0.1495	-0.387008426270127
0.1496	-0.386819120404262
0.1497	-0.386266326542165
0.1498	-0.385452650271098
0.1499	-0.38455135482247
0.15	-0.383760108986117
0.1501	-0.383236716509661
0.1502	-0.383053515085688
0.1503	-0.383193535784232
0.1504	-0.383584659790282
0.1505	-0.384142848896945
0.1506	-0.384790531711854
0.1507	-0.385444056174042
0.1508	-0.385995185757209
0.1509	-0.38631601566575
0.151	-0.386287844235479
0.1511	-0.385830002760759
0.1512	-0.384909555398921
0.1513	-0.383534996420791
0.1514	-0.381743308914827
0.1515	-0.379583184955231
0.1516	-0.377097212920797
0.1517	-0.374316207205624
0.1518	-0.371270624078641
0.1519	-0.368001296501705
0.152	-0.364556317871674
0.1521	-0.360977026269262
0.1522	-0.357303295398725
0.1523	-0.353587336481637
0.1524	-0.349890957120589
0.1525	-0.346262911786198
0.1526	-0.342727488455528
0.1527	-0.339297590997988
0.1528	-0.335990825136711
0.1529	-0.332830409987308
0.153	-0.329837985760832
0.1531	-0.32704079061002
0.1532	-0.324475241914655
0.1533	-0.322183658172432
0.1534	-0.320212467675158
0.1535	-0.318620973700278
0.1536	-0.31749354136172
0.1537	-0.316944985122988
0.1538	-0.317123418535024
0.1539	-0.318211543835077
0.154	-0.320413049579626
0.1541	-0.323913690237721
0.1542	-0.32883386249852
0.1543	-0.335200769459307
0.1544	-0.3429623504631
0.1545	-0.352036488892566
0.1546	-0.362356633994636
0.1547	-0.373900957425033
0.1548	-0.38667306541868
0.1549	-0.400678977620984
0.155	-0.41591250257569
0.1551	-0.43234684492127
0.1552	-0.449937568591182
0.1553	-0.468645306337546
0.1554	-0.488460542460992
0.1555	-0.50938565406242
0.1556	-0.53141847904925
0.1557	-0.554512109492194
0.1558	-0.578575413943113
0.1559	-0.603475366724382
0.156	-0.62903023531269
0.1561	-0.655019254820232
0.1562	-0.681229467845675
0.1563	-0.707504753896131
0.1564	-0.733727426742739
0.1565	-0.759800671132723
0.1566	-0.785601707058042
0.1567	-0.810988503246335
0.1568	-0.835811573643561
0.1569	-0.859911844641715
0.157	-0.883120822522862
0.1571	-0.905284197862933
0.1572	-0.926294812042297
0.1573	-0.946084766287228
0.1574	-0.964623302788503
0.1575	-0.981886044636955
0.1576	-0.997853737229377
0.1577	-1.01250843581471
0.1578	-1.02583143311825
0.1579	-1.03781051063674
0.158	-1.04845043580978
0.1581	-1.05777503955157
0.1582	-1.06580668876725
0.1583	-1.07255103981947
0.1584	-1.0779787680327
0.1585	-1.08203706030611
0.1586	-1.08466667172951
0.1587	-1.08581539709434
0.1588	-1.08544151502411
0.1589	-1.0835156565282
0.159	-1.08002839286336
0.1591	-1.07500433770135
0.1592	-1.06851155748004
0.1593	-1.06065042159722
0.1594	-1.05152534531473
0.1595	-1.04122740496157
0.1596	-1.02983158281307
0.1597	-1.01740224876949
0.1598	-1.00400492982182
0.1599	-0.98973273448043
0.16	-0.97470436673909
0.1601	-0.959061142177458
0.1602	-0.942940740284442
0.1603	-0.926455686909481
0.1604	-0.909682573327856
0.1605	-0.892656624923585
0.1606	-0.875374624132622
0.1607	-0.857807946942106
0.1608	-0.839926122217637
0.1609	-0.821682686368099
0.161	-0.803027991194973
0.1611	-0.783913103445165
0.1612	-0.764287476859558
0.1613	-0.744085851222593
0.1614	-0.723229790864593
0.1615	-0.701653673617287
0.1616	-0.679333798541954
0.1617	-0.65632151887587
0.1618	-0.632732828526102
0.1619	-0.608753864611622
0.162	-0.584605153404013
0.1621	-0.560496316079764
0.1622	-0.536601271312257
0.1623	-0.513068546508151
0.1624	-0.490059005498374
0.1625	-0.467777337455352
0.1626	-0.446484649484049
0.1627	-0.426440674623969
0.1628	-0.407869156038448
0.1629	-0.390927448693059
0.163	-0.37570897976093
0.1631	-0.362266132024644
0.1632	-0.35063365342263
0.1633	-0.340835730539174
0.1634	-0.332884657056454
0.1635	-0.32676368059454
0.1636	-0.32243000619957
0.1637	-0.319812558413248
0.1638	-0.318810171951753
0.1639	-0.319288230278523
0.164	-0.321080261807192
0.1641	-0.324011723003896
0.1642	-0.327948745848439
0.1643	-0.332831499942069
0.1644	-0.338665989863573
0.1645	-0.345474863852591
0.1646	-0.35325949227957
0.1647	-0.36198894848676
0.1648	-0.371606306473888
0.1649	-0.382046122591945
0.165	-0.393259671813187
0.1651	-0.405232399445225
0.1652	-0.417967532523171
0.1653	-0.431470823830331
0.1654	-0.445723110609606
0.1655	-0.460676354023384
0.1656	-0.476263029391148
0.1657	-0.492416854120766
0.1658	-0.509094437819581
0.1659	-0.526282965231175
0.166	-0.543993901658116
0.1661	-0.562235740817744
0.1662	-0.581013585850538
0.1663	-0.600302164756918
0.1664	-0.620037167804654
0.1665	-0.640117808946982
0.1666	-0.660427087266989
0.1667	-0.680855991144035
0.1668	-0.701314163918944
0.1669	-0.721720181689506
0.167	-0.741968300106699
0.1671	-0.761931274336483
0.1672	-0.781450086794941
0.1673	-0.800352128013863
0.1674	-0.818473193157619
0.1675	-0.835674234183955
0.1676	-0.85184564317958
0.1677	-0.866906372949991
0.1678	-0.880788403240345
0.1679	-0.893443570920994
0.168	-0.904830512871904
0.1681	-0.914921455082162
0.1682	-0.923709416934731
0.1683	-0.931209302593841
0.1684	-0.937458187827623
0.1685	-0.942512932162461
0.1686	-0.946440498023323
0.1687	-0.94929628676689
0.1688	-0.951114573333658
0.1689	-0.951906860286743
0.169	-0.951669869388376
0.1691	-0.950395785224508
0.1692	-0.948085806097432
0.1693	-0.944760912770509
0.1694	-0.940461395500501
0.1695	-0.935237313160878
0.1696	-0.929147267276026
0.1697	-0.922253959610352
0.1698	-0.914629448937886
0.1699	-0.906365939055073
0.17	-0.89759163048611
0.1701	-0.888470730976097
0.1702	-0.879183773794276
0.1703	-0.869901220092274
0.1704	-0.860765068156274
0.1705	-0.85188342654563
0.1706	-0.843316845756888
0.1707	-0.835090476912022
0.1708	-0.827204082126221
0.1709	-0.819638709165428
0.171	-0.812357224101815
0.1711	-0.805302946134546
0.1712	-0.798396665539928
0.1713	-0.79153025332827
0.1714	-0.784575513258565
0.1715	-0.777393146066471
0.1716	-0.769851253620887
0.1717	-0.761832239838469
0.1718	-0.753242409291682
0.1719	-0.744024606136829
0.172	-0.734168101074154
0.1721	-0.723708544682491
0.1722	-0.712726547367382
0.1723	-0.701326622306492
0.1724	-0.689636794536756
0.1725	-0.677806902950813
0.1726	-0.666012952544325
0.1727	-0.654461286292058
0.1728	-0.643390131585956
0.1729	-0.633056311623449
0.173	-0.62369709991286
0.1731	-0.615497738262695
0.1732	-0.60857435330921
0.1733	-0.6029968565938
0.1734	-0.59880380998205
0.1735	-0.59601155435428
0.1736	-0.594618710706885
0.1737	-0.594609184921967
0.1738	-0.595950196572851
0.1739	-0.598592044115549
0.174	-0.602469503799695
0.1741	-0.607514337877296
0.1742	-0.61366628950833
0.1743	-0.620881015674604
0.1744	-0.629129080968761
0.1745	-0.638389497065573
0.1746	-0.648641939848741
0.1747	-0.659858814077328
0.1748	-0.67200128247519
0.1749	-0.685010354260751
0.175	-0.698820482576277
0.1751	-0.713358118995981
0.1752	-0.728552160027444
0.1753	-0.744340622035654
0.1754	-0.76066723685577
0.1755	-0.777467456219735
0.1756	-0.79465539499483
0.1757	-0.812124896659554
0.1758	-0.829751483455574
0.1759	-0.847422649381727
0.176	-0.86504189998686
0.1761	-0.882539024036539
0.1762	-0.899862763471908
0.1763	-0.916963947460733
0.1764	-0.933787444703256
0.1765	-0.950273995048246
0.1766	-0.966357890063048
0.1767	-0.98198963757357
0.1768	-0.997134967488044
0.1769	-1.0117826154785
0.177	-1.02593561857818
0.1771	-1.03959689851063
0.1772	-1.05275942389252
0.1773	-1.06540316884367
0.1774	-1.07749794699018
0.1775	-1.0889973592474
0.1776	-1.09985353761646
0.1777	-1.11001307887559
0.1778	-1.11941709650719
0.1779	-1.12799585024125
0.178	-1.13567412673305
0.1781	-1.14238159712318
0.1782	-1.14806056672211
0.1783	-1.15266026467334
0.1784	-1.15612340987061
0.1785	-1.15838734767946
0.1786	-1.15939688762948
0.1787	-1.15912485150958
0.1788	-1.15757790468736
0.1789	-1.15478657387994
0.179	-1.15078983852519
0.1791	-1.14562345978642
0.1792	-1.13931371790485
0.1793	-1.13188967173023
0.1794	-1.12339158833984
0.1795	-1.11388014261145
0.1796	-1.10342911978925
0.1797	-1.09211409145652
0.1798	-1.08001349948239
0.1799	-1.06722568604915
0.18	-1.05388403836819
0.1801	-1.04014884589903
0.1802	-1.02619407992477
0.1803	-1.012171252448
0.1804	-0.998203380482415
0.1805	-0.984384277635112
0.1806	-0.970791784755662
0.1807	-0.957503621673585
0.1808	-0.944602515323282
0.1809	-0.932168426017171
0.181	-0.920277298052063
0.1811	-0.90898064852383
0.1812	-0.898309231083612
0.1813	-0.888275740638228
0.1814	-0.878885544775894
0.1815	-0.870141026245111
0.1816	-0.862033064068655
0.1817	-0.85453084477037
0.1818	-0.847577999518851
0.1819	-0.841095411812505
0.182	-0.834976156153044
0.1821	-0.829091790483108
0.1822	-0.82330111849198
0.1823	-0.817468128147057
0.1824	-0.811484164725242
0.1825	-0.805280805233693
0.1826	-0.798826638773145
0.1827	-0.792109618833692
0.1828	-0.785123461374024
0.1829	-0.77785407164415
0.183	-0.770290662171872
0.1831	-0.762444438436994
0.1832	-0.754360994246351
0.1833	-0.746110960039818
0.1834	-0.737774082720179
0.1835	-0.729434340870991
0.1836	-0.721174730904506
0.1837	-0.713075322687185
0.1838	-0.705197578489653
0.1839	-0.697582444074923
0.184	-0.690254177766905
0.1841	-0.683237396793684
0.1842	-0.676567919844667
0.1843	-0.670288183251609
0.1844	-0.664434961537296
0.1845	-0.659028877788279
0.1846	-0.654073691138834
0.1847	-0.64955551041963
0.1848	-0.645461938728394
0.1849	-0.641794348537599
0.185	-0.638565555025198
0.1851	-0.635785152000579
0.1852	-0.633452186003459
0.1853	-0.631562534456742
0.1854	-0.630118366209486
0.1855	-0.629129682001823
0.1856	-0.628613051171041
0.1857	-0.628585162079579
0.1858	-0.629053467404487
0.1859	-0.630003542529414
0.186	-0.631388539147463
0.1861	-0.633125433018154
0.1862	-0.635102002479238
0.1863	-0.637195641833409
0.1864	-0.639298098165969
0.1865	-0.641322770855566
0.1866	-0.643193667861353
0.1867	-0.644829371160745
0.1868	-0.646134101213403
0.1869	-0.647007012396206
0.187	-0.647367462931145
0.1871	-0.647176045945205
0.1872	-0.646438243549657
0.1873	-0.64519578829039
0.1874	-0.643515374857535
0.1875	-0.641474485397339
0.1876	-0.639148454559745
0.1877	-0.636604933200945
0.1878	-0.633905191820937
0.1879	-0.631110322049293
0.188	-0.6282830218206
0.1881	-0.625490416908377
0.1882	-0.622796277736054
0.1883	-0.620250072960348
0.1884	-0.617869444553159
0.1885	-0.61563234032806
0.1886	-0.613482316337922
0.1887	-0.611345883899621
0.1888	-0.609155156342435
0.1889	-0.606863591633139
0.189	-0.604445345954474
0.1891	-0.601874754762251
0.1892	-0.59911403034242
0.1893	-0.596117218905504
0.1894	-0.592848498957233
0.1895	-0.589295653302564
0.1896	-0.585478707398447
0.1897	-0.581454341078203
0.1898	-0.577303465697366
0.1899	-0.573107608245724
0.19	-0.56892915650403
0.1901	-0.564821155874078
0.1902	-0.560837606359069
0.1903	-0.557025593598494
0.1904	-0.553414858472048
0.1905	-0.550025367594305
0.1906	-0.546879319702627
0.1907	-0.543995651453243
0.1908	-0.541365411961519
0.1909	-0.538942885708326
0.191	-0.536656014077177
0.1911	-0.534425288356558
0.1912	-0.532176145863902
0.1913	-0.529842011401593
0.1914	-0.527367753134637
0.1915	-0.524714577650569
0.1916	-0.521861757104586
0.1917	-0.5187912667414
0.1918	-0.515474199284928
0.1919	-0.511866628204293
0.192	-0.507921405409459
0.1921	-0.503604619987048
0.1922	-0.498906258572953
0.1923	-0.493839939534338
0.1924	-0.48842941955075
0.1925	-0.482696904326225
0.1926	-0.476651326518347
0.1927	-0.470299838567035
0.1928	-0.463666847249058
0.1929	-0.45681266889447
0.193	-0.449838896514121
0.1931	-0.442875789146937
0.1932	-0.436059178957395
0.1933	-0.429509821004947
0.1934	-0.423327364835437
0.1935	-0.417579026099823
0.1936	-0.41230357505863
0.1937	-0.407520950023194
0.1938	-0.403252757842123
0.1939	-0.399538779981584
0.194	-0.396437097933636
0.1941	-0.394011872796975
0.1942	-0.392318571186009
0.1943	-0.391388640062801
0.1944	-0.391218731098337
0.1945	-0.391780950484652
0.1946	-0.393044606716414
0.1947	-0.394993785042132
0.1948	-0.397632684763297
0.1949	-0.400982702520749
0.195	-0.405076331055067
0.1951	-0.409941136362329
0.1952	-0.415585006948053
0.1953	-0.421985174130087
0.1954	-0.429099231241459
0.1955	-0.436888113636087
0.1956	-0.445337603001686
0.1957	-0.454464207454148
0.1958	-0.464303777058163
0.1959	-0.474889352796328
0.196	-0.486215573009773
0.1961	-0.498226951116486
0.1962	-0.510814593838965
0.1963	-0.523844725267434
0.1964	-0.53719295848482
0.1965	-0.550764523453879
0.1966	-0.564489328404321
0.1967	-0.578299904502025
0.1968	-0.592110690023219
0.1969	-0.605799249350017
0.197	-0.619220723005814
0.1971	-0.632213888601719
0.1972	-0.644627476442484
0.1973	-0.656343649181281
0.1974	-0.667282365994915
0.1975	-0.677384144334887
0.1976	-0.686586641232189
0.1977	-0.69481072796218
0.1978	-0.701951842347459
0.1979	-0.70789696637712
0.198	-0.712542155549695
0.1981	-0.715825777898353
0.1982	-0.717746697974916
0.1983	-0.718355286450892
0.1984	-0.717728786706129
0.1985	-0.715951713746722
0.1986	-0.713101534524607
0.1987	-0.709245016421066
0.1988	-0.704449461662216
0.1989	-0.698810472048917
0.199	-0.692467453455894
0.1991	-0.685593909025732
0.1992	-0.678373831639611
0.1993	-0.670977026814727
0.1994	-0.663538818748316
0.1995	-0.656158107009915
0.1996	-0.648906080704935
0.1997	-0.641861414793194
0.1998	-0.635131094686733
0.1999	0
0.2	0
