0	-0.883667428
0.0005	-0.764181913
0.001	-0.437399462
0.0015	0.160681137
0.002	1.065961734
0.0025	2.297767502
0.003	3.872301826
0.0035	5.744325871
0.004	7.766396221
0.0045	9.707590971
0.005	11.35582679
0.0055	12.66375907
0.006	13.78790701
0.0065	14.92523877
0.007	16.13309226
0.0075	17.35486178
0.008	18.49070865
0.0085	19.45376534
0.009	20.24069249
0.0095	21.01412018
0.01	22.00211043
0.0105	23.28783205
0.011	24.72514287
0.0115	26.11427107
0.012	27.39591893
0.0125	28.64414989
0.013	29.89808617
0.0135	31.10430187
0.014	32.13358421
0.0145	32.83426711
0.015	33.10405643
0.0155	32.94191487
0.016	32.39309749
0.0165	31.44568559
0.017	30.05886544
0.0175	28.30983227
0.018	26.45142381
0.0185	24.79332267
0.019	23.56336283
0.0195	22.76780923
0.02	22.1797133
0.0205	21.53409054
0.021	20.69935722
0.0215	19.76086113
0.022	18.91849979
0.0225	18.29031787
0.023	17.87057738
0.0235	17.57620982
0.024	17.28703223
0.0245	16.91040386
0.025	16.39470602
0.0255	15.73718486
0.026	14.99022898
0.0265	14.20877235
0.027	13.46503773
0.0275	12.86815042
0.028	12.53119686
0.0285	12.52078524
0.029	12.84533864
0.0295	13.4580666
0.03	14.28631237
0.0305	15.28435652
0.031	16.4459039
0.0315	17.7603067
0.032	19.20697675
0.0325	20.73765151
0.033	22.27700508
0.0335	23.74759634
0.034	25.11784864
0.0345	26.39045265
0.035	27.5632398
0.0355	28.62329278
0.036	29.57829282
0.0365	30.467939
0.037	31.33146028
0.0375	32.14954761
0.038	32.87029212
0.0385	33.46559506
0.039	33.96620056
0.0395	34.45172762
0.04	35.00628563
0.0405	35.61842473
0.041	36.20397539
0.0415	36.70021689
0.042	37.13035203
0.0425	37.56836393
0.043	38.10170473
0.0435	38.76618576
0.044	39.49750494
0.0445	40.21990527
0.045	40.92706859
0.0455	41.66492289
0.046	42.45566569
0.0465	43.2442838
0.047	43.91385105
0.0475	44.39880853
0.048	44.7365419
0.0485	45.01681467
0.049	45.30195803
0.0495	45.58687215
0.05	45.81425413
0.0505	45.95138715
0.051	46.04085924
0.0515	46.11698504
0.052	46.14936293
0.0525	46.06344959
0.053	45.79690776
0.0535	45.36131606
0.054	44.83076556
0.0545	44.24856104
0.055	43.59355421
0.0555	42.82068028
0.056	41.89251266
0.0565	40.79037428
0.057	39.49206999
0.0575	37.97898314
0.058	36.23409597
0.0585	34.24246817
0.059	32.00436137
0.0595	29.53852152
0.06	26.86532585
0.0605	24.01508758
0.061	21.04463358
0.0615	18.02836437
0.062	15.06993819
0.0625	12.24814754
0.063	9.599699026
0.0635	7.164623714
0.064	5.011885089
0.0645	3.231218537
0.065	1.900180168
0.0655	1.022367683
0.066	0.503233595
0.0665	0.209922925
0.067	0.020215458
0.0675	-0.163544719
0.068	-0.399784928
0.0685	-0.684279961
0.069	-0.947490286
0.0695	-1.11749307
0.07	-1.190151884
0.0705	-1.230227311
0.071	-1.279546539
0.0715	-1.332144494
0.072	-1.414953453
0.0725	-1.593477883
0.073	-1.920314822
0.0735	-2.387645523
0.074	-2.920963803
0.0745	-3.453301426
0.075	-3.99589473
0.0755	-4.60538852
0.076	-5.245422105
0.0765	-5.798229173
0.077	-6.166928081
0.0775	-6.327313831
0.078	-6.319702622
0.0785	-6.207753664
0.079	-6.023680794
0.0795	-5.738663676
0.08	-5.307828576
0.0805	-4.718053484
0.081	-3.995686549
0.0815	-3.156888405
0.082	-2.191348334
0.0825	-1.117362987
0.083	-0.012251321
0.0835	0.976907639
0.084	1.632050259
0.0845	1.72156425
0.085	1.091958504
0.0855	-0.159316676
0.086	-1.6134243
0.0865	-2.782569998
0.087	-3.474611401
0.0875	-3.844946203
0.088	-4.087716619
0.0885	-4.220935631
0.089	-4.16237144
0.0895	-3.898633626
0.09	-3.491577013
0.0905	-2.962725273
0.091	-2.273606066
0.0915	-1.442710165
0.092	-0.608037555
0.0925	0.064808079
0.093	0.471242209
0.0935	0.617977426
0.094	0.617508708
0.0945	0.598231934
0.095	0.630485627
0.0955	0.705833343
0.096	0.740875277
0.0965	0.647561356
0.097	0.418899218
0.0975	0.109246411
0.098	-0.23602043
0.0985	-0.592793208
0.099	-0.906638338
0.0995	-1.121255264
0.1	-1.162579214
0.1005	-1.004465276
0.101	-0.754441539
0.1015	-0.557602051
0.102	-0.438298277
0.1025	-0.330300785
0.103	-0.173908375
0.1035	0.007350126
0.104	0.127579804
0.1045	0.151582314
0.105	0.105515005
0.1055	0.002101946
0.106	-0.168515259
0.1065	-0.380374466
0.107	-0.59019232
0.1075	-0.76271757
0.108	-0.884322824
0.1085	-0.993660375
0.109	-1.123201031
0.1095	-1.271355178
0.11	-1.407151549
0.1105	-1.492122291
0.111	-1.510836823
0.1115	-1.487753776
0.112	-1.450476488
0.1125	-1.411649289
0.113	-1.369184098
0.1135	-1.311445537
0.114	-1.232796717
0.1145	-1.154241216
0.115	-1.103406286
0.1155	-1.081321534
0.116	-1.067436791
0.1165	-1.054733773
0.117	-1.030520457
0.1175	-1.001162615
0.118	-0.978715732
0.1185	-0.95544741
0.119	-0.92470313
0.1195	-0.880688425
0.12	-0.842708619
0.1205	-0.848654094
0.121	-0.901521247
0.1215	-0.96317962
0.122	-1.002884707
0.1225	-1.029299192
0.123	-1.07618074
0.1235	-1.18183777
0.124	-1.330281454
0.1245	-1.497626669
0.125	-1.659884244
0.1255	-1.796084234
0.126	-1.892265702
0.1265	-1.924139786
0.127	-1.868022459
0.1275	-1.726842205
0.128	-1.520569577
0.1285	-1.275936238
0.129	-1.016567647
0.1295	-0.767929102
0.13	-0.555064372
0.1305	-0.423717216
0.131	-0.410742309
0.1315	-0.500814328
0.132	-0.648198811
0.1325	-0.812683451
0.133	-0.974107805
0.1335	-1.127364835
0.134	-1.245675562
0.1345	-1.295418539
0.135	-1.267331052
0.1355	-1.178602005
0.136	-1.055379182
0.1365	-0.916274614
0.137	-0.765117423
0.1375	-0.606633559
0.138	-0.457529599
0.1385	-0.32923086
0.139	-0.220332267
0.1395	-0.130085277
0.14	-0.058466946
0.1405	-0.006535921
0.141	0.02759331
0.1415	0.043653369
0.142	0.034778317
0.1425	-0.002210503
0.143	-0.063860196
0.1435	-0.142682264
0.144	-0.227848026
0.1445	-0.310965206
0.145	-0.380490517
0.1455	-0.428341637
0.146	-0.451020338
0.1465	-0.454859514
0.147	-0.445340091
0.1475	-0.422221918
0.148	-0.394473111
0.1485	-0.380328108
0.149	-0.383008413
0.1495	-0.387008424
0.15	-0.38376012
0.1505	-0.384142861
0.151	-0.386287848
0.1515	-0.379583192
0.152	-0.364556319
0.1525	-0.346262917
0.153	-0.329837999
0.1535	-0.318620971
0.154	-0.320413039
0.1545	-0.352036502
0.155	-0.415912495
0.1555	-0.509385668
0.156	-0.62903026
0.1565	-0.759800695
0.157	-0.88312085
0.1575	-0.981886063
0.158	-1.048450421
0.1585	-1.082037001
0.159	-1.080028418
0.1595	-1.041227463
0.16	-0.974704371
0.1605	-0.892656619
0.161	-0.803027991
0.1615	-0.701653675
0.162	-0.584605145
0.1625	-0.467777328
0.163	-0.37570897
0.1635	-0.326763679
0.164	-0.321080271
0.1645	-0.345474862
0.165	-0.393259665
0.1655	-0.460676346
0.166	-0.543993889
0.1665	-0.640117823
0.167	-0.741968277
0.1675	-0.835674251
0.168	-0.904830484
0.1685	-0.942512921
0.169	-0.951669848
0.1695	-0.93523729
0.17	-0.89759162
0.1705	-0.851883423
0.171	-0.812357216
0.1715	-0.77739316
0.172	-0.734168092
0.1725	-0.677806889
0.173	-0.623697107
0.1735	-0.596011534
0.174	-0.602469503
0.1745	-0.638389502
0.175	-0.698820497
0.1755	-0.777467477
0.176	-0.865041879
0.1765	-0.950273977
0.177	-1.025935653
0.1775	-1.088997405
0.178	-1.135674128
0.1785	-1.158387309
0.179	-1.150789879
0.1795	-1.113880191
0.18	-1.053883993
0.1805	-0.984384283
0.181	-0.92027727
0.1815	-0.870141042
0.182	-0.834976156
0.1825	-0.805280801
0.183	-0.770290684
0.1835	-0.729434359
0.184	-0.690254185
0.1845	-0.659028891
0.185	-0.638565571
0.1855	-0.629129685
0.186	-0.631388522
0.1865	-0.641322782
0.187	-0.647367478
0.1875	-0.641474495
0.188	-0.628283035
0.1885	-0.615632348
0.189	-0.604445329
0.1895	-0.589295679
0.19	-0.56892914
0.1905	-0.550025351
0.191	-0.536656007
0.1915	-0.524714578
0.192	-0.507921418
0.1925	-0.482696916
0.193	-0.449838906
0.1935	-0.417579032
0.194	-0.396437089
0.1945	-0.391780961
0.195	-0.405076319
0.1955	-0.436888113
0.196	-0.486215563
0.1965	-0.550764545
0.197	-0.619220751
0.1975	-0.677384129
0.198	-0.712542179
0.1985	-0.715951702
0.199	-0.692467455
0.1995	-0.656158104
0.2	-0.0
